          51
   1.90986019771937     
   1.90563449910964     
   1.89304415940934     
   1.87230928086763     
   1.84374947679902     
   1.80776276033034     
   1.76481079856299     
   1.71540816859939     
   1.66011373131439     
   1.59952322363667     
   1.53426266082279     
   1.46498233888091     
   1.39235130929287     
   1.31705223652377     
   1.23977618317103     
   1.16121278415369     
   1.08201943664419     
   1.00288866679720     
  0.924475767210246     
  0.847415371038733     
  0.772316688105931     
  0.699736940377312     
  0.630211918937167     
  0.564194562399538     
  0.502076205853037     
  0.444144023534733     
  0.390518196140658     
  0.341148855945766     
  0.295941946237307     
  0.254782896476983     
  0.217538645099225     
  0.184059547649710     
  0.154181189781890     
  0.127726122453554     
  0.104505535066266     
  8.432088120445191E-002
  6.696547102921641E-002
  5.222604427168923E-002
  3.988433820097490E-002
  2.971866601747601E-002
  2.150552303075515E-002
  1.502124104014533E-002
  1.004371608622562E-002
  6.354242122978656E-003
  3.739494884706115E-003
  1.993729589156428E-003
  9.212900163813992E-004
  3.395908945333921E-004
  8.287326418242995E-005
  7.387919939044624E-006
  0.000000000000000E+000
