          51
  0.477464829275686     
  0.477369326758624     
  0.477082704501167     
  0.476604617694538     
  0.475934489347862     
  0.475071506789565     
  0.474014616700000     
  0.472762518603826     
  0.471313656727090     
  0.469666210097909     
  0.467818080740206     
  0.465766879776363     
  0.463509911215729     
  0.461044153160259     
  0.458366236104659     
  0.455472417943926     
  0.452358555223691     
  0.449020070074699     
  0.445451912157928     
  0.441648514805455     
  0.437603744367000     
  0.433310841553285     
  0.428762353292191     
  0.423950053264701     
  0.418864848841571     
  0.413496671566344     
  0.407834347581542     
  0.401865443410505     
  0.395576081199592     
  0.388950715767916     
  0.381971863420549     
  0.374619769183371     
  0.366871994502826     
  0.358702900890702     
  0.350082995493600     
  0.340978090541874     
  0.331348207471894     
  0.321146123796529     
  0.310315408791890     
  0.298787708762030     
  0.286478897565412     
  0.273283450766356     
  0.259065922198742     
  0.243647453292756     
  0.226783228693946     
  0.208122093990762     
  0.187127232296082     
  0.162898796790916     
  0.133690152197192     
  9.501430135791303E-002
  0.000000000000000E+000
