id    x    y   z   n_H   flux   x_ion
0  0.5 0.5 0.5 0.001 5. 0
1  0.186915 0.95104 0.545436 0.001 0 0
2  0.0746261 0.229219 0.522971 0.001 0 0
3  0.0927676 0.511819 0.339205 0.001 0 0
4  0.793816 0.00488072 0.342925 0.001 0 0
5  0.296411 0.933765 0.208253 0.001 0 0
6  0.0223858 0.256051 0.684481 0.001 0 0
7  0.983118 0.441584 0.933748 0.001 0 0
8  0.693946 0.493742 0.460277 0.001 0 0
9  0.975763 0.23866 0.911152 0.001 0 0
10 0.632069 0.57418 0.81995 0.001 0 0
11 0.0148081 0.173175 0.237322 0.001 0 0
12 0.567115 0.994338 0.304411 0.001 0 0
13 0.676358 0.243741 0.106109 0.001 0 0
14 0.0970543 0.239861 0.827054 0.001 0 0
15 0.189643 0.515203 0.213406 0.001 0 0
16 0.294271 0.976565 0.454941 0.001 0 0
17 0.0313216 0.949262 0.977815 0.001 0 0
18 0.97677 0.762555 0.815667 0.001 0 0
19 0.585982 0.449291 0.812373 0.001 0 0
20 0.123903 0.753521 0.885067 0.001 0 0
21 0.4127 0.582657 0.0157107 0.001 0 0
22 0.922243 0.836705 0.379644 0.001 0 0
23 0.826184 0.861713 0.0546418 0.001 0 0
24 0.749655 0.830906 0.541321 0.001 0 0
25 0.874386 0.712243 0.533035 0.001 0 0
26 0.106035 0.850148 0.64355 0.001 0 0
27 0.892869 0.610455 0.529535 0.001 0 0
28 0.647644 0.443857 0.843893 0.001 0 0
29 0.183494 0.183003 0.843662 0.001 0 0
30 0.0104205 0.582694 0.193311 0.001 0 0
31 0.617855 0.137788 0.121207 0.001 0 0
32 0.903025 0.0529453 0.23683 0.001 0 0
33 0.875397 0.162386 0.832628 0.001 0 0
34 0.584955 0.73975 0.0105425 0.001 0 0
35 0.138426 0.928468 0.619878 0.001 0 0
36 0.272684 0.157585 0.813341 0.001 0 0
37 0.0851146 0.758292 0.212162 0.001 0 0
38 0.170424 0.550379 0.475353 0.001 0 0
39 0.719826 0.541168 0.368028 0.001 0 0
40 0.20054 0.470126 0.682046 0.001 0 0
41 0.384293 0.00652819 0.498559 0.001 0 0
42 0.175558 0.447699 0.436073 0.001 0 0
43 0.646584 0.546345 0.715148 0.001 0 0
44 0.432205 0.613918 0.9621 0.001 0 0
45 0.0327668 0.729959 0.339359 0.001 0 0
46 0.183233 0.896226 0.454594 0.001 0 0
47 0.919916 0.801946 0.0980379 0.001 0 0
48 0.891875 0.274598 0.0755214 0.001 0 0
49 0.798502 0.615318 0.500423 0.001 0 0
50 0.6656 0.772665 0.117241 0.001 0 0
51 0.124335 0.552452 0.939201 0.001 0 0
52 0.476994 0.804733 0.55563 0.001 0 0
53 0.641301 0.806237 0.439322 0.001 0 0
54 0.493849 0.246761 0.767079 0.001 0 0
55 0.675191 0.0705311 0.443857 0.001 0 0
56 0.324145 0.0445183 0.47397 0.001 0 0
57 0.74032 0.408244 0.282109 0.001 0 0
58 0.808771 0.230863 0.56688 0.001 0 0
59 0.932102 0.66973 0.869387 0.001 0 0
60 0.257175 0.103303 0.529318 0.001 0 0
61 0.171594 0.424059 0.689108 0.001 0 0
62 0.261325 0.164927 0.267123 0.001 0 0
63 0.214576 0.797421 0.42016 0.001 0 0
64 0.59166 0.699152 0.399652 0.001 0 0
65 0.396928 0.756496 0.224682 0.001 0 0
66 0.448486 0.712813 0.187293 0.001 0 0
67 0.31404 0.154465 0.504421 0.001 0 0
68 0.708425 0.402161 0.568375 0.001 0 0
69 0.957283 0.238284 0.911983 0.001 0 0
70 0.729872 0.927553 0.182807 0.001 0 0
71 0.323744 0.236986 0.816335 0.001 0 0
72 0.886235 0.711463 0.124996 0.001 0 0
73 0.4083 0.143322 0.93731 0.001 0 0
74 0.0809857 0.55184 0.0177207 0.001 0 0
75 0.746479 0.341085 0.64968 0.001 0 0
76 0.698864 0.0708358 0.13953 0.001 0 0
77 0.644026 0.235656 0.313759 0.001 0 0
78 0.181597 0.782418 0.153928 0.001 0 0
79 0.596838 0.906662 0.306482 0.001 0 0
80 0.41313 0.249944 0.42872 0.001 0 0
81 0.154161 0.371654 0.391598 0.001 0 0
82 0.181728 0.748756 0.0346203 0.001 0 0
83 0.3777 0.492135 0.317765 0.001 0 0
84 0.989805 0.286398 0.851794 0.001 0 0
85 0.960331 0.983446 0.107143 0.001 0 0
86 0.249553 0.649995 0.961304 0.001 0 0
87 0.920318 0.816212 0.448724 0.001 0 0
88 0.635787 0.697135 0.343698 0.001 0 0
89 0.201832 0.497476 0.383311 0.001 0 0
90 0.684364 0.755347 0.229619 0.001 0 0
91 0.970363 0.0125907 0.538382 0.001 0 0
92 0.720158 0.512829 0.921988 0.001 0 0
93 0.47531 0.676867 0.5078 0.001 0 0
94 0.765006 0.0750175 0.898993 0.001 0 0
95 0.734839 0.407353 0.463571 0.001 0 0
96 0.751148 0.788287 0.872789 0.001 0 0
97 0.0213323 0.879049 0.499013 0.001 0 0
98 0.150082 0.63763 0.485101 0.001 0 0
99 0.99455 0.370883 0.506073 0.001 0 0
100 0.232188 0.487596 0.869327 0.001 0 0
101 0.471064 0.307452 0.638687 0.001 0 0
102 0.304756 0.0337213 0.3723 0.001 0 0
103 0.558572 0.116838 0.525923 0.001 0 0
104 0.726941 0.864181 0.0638966 0.001 0 0
105 0.834114 0.664689 0.499191 0.001 0 0
106 0.76315 0.0994683 0.852189 0.001 0 0
107 0.943644 0.126161 0.380834 0.001 0 0
108 0.617159 0.976407 0.769888 0.001 0 0
109 0.866255 0.52136 0.744194 0.001 0 0
110 0.151086 0.298367 0.438035 0.001 0 0
111 0.890498 0.250281 0.0644668 0.001 0 0
112 0.0926772 0.0985933 0.940907 0.001 0 0
113 0.623451 0.579721 0.896598 0.001 0 0
114 0.320897 0.473395 0.622931 0.001 0 0
115 0.256084 0.0263437 0.728598 0.001 0 0
116 0.999615 0.819566 0.640594 0.001 0 0
117 0.27578 0.3131 0.466102 0.001 0 0
118 0.367253 0.545451 0.914765 0.001 0 0
119 0.0799718 0.788669 0.349876 0.001 0 0
120 0.938695 0.433226 0.393553 0.001 0 0
121 0.466573 0.896531 0.314688 0.001 0 0
122 0.147478 0.713592 0.585247 0.001 0 0
123 0.525718 0.0240003 0.511381 0.001 0 0
124 0.465856 0.325849 0.060737 0.001 0 0
125 0.728983 0.995309 0.125838 0.001 0 0
126 0.0950242 0.642885 0.0914258 0.001 0 0
127 0.802316 0.533585 0.249831 0.001 0 0
128 0.102553 0.834772 0.671708 0.001 0 0
129 0.990966 0.511067 0.247191 0.001 0 0
130 0.960551 0.391842 0.834805 0.001 0 0
131 0.227159 0.93103 0.117119 0.001 0 0
132 0.508322 0.214493 0.122421 0.001 0 0
133 0.572886 0.24426 0.435902 0.001 0 0
134 0.22048 0.559674 0.687249 0.001 0 0
135 0.930096 0.618593 0.738766 0.001 0 0
136 0.657742 0.816498 0.301162 0.001 0 0
137 0.407858 0.173171 0.895047 0.001 0 0
138 0.616243 0.934429 0.738191 0.001 0 0
139 0.766356 0.83805 0.686578 0.001 0 0
140 0.0772403 0.494107 0.404403 0.001 0 0
141 0.0415085 0.0818992 0.89557 0.001 0 0
142 0.834273 0.796082 0.109001 0.001 0 0
143 0.617969 0.973426 0.787885 0.001 0 0
144 0.859232 0.193079 0.254836 0.001 0 0
145 0.999888 0.731886 0.199011 0.001 0 0
146 0.0745861 0.768113 0.772862 0.001 0 0
147 0.656786 0.0698925 0.650597 0.001 0 0
148 0.100685 0.968835 0.298532 0.001 0 0
149 0.864701 0.0224495 0.214672 0.001 0 0
150 0.864582 0.0336785 0.887184 0.001 0 0
151 0.00506603 0.761302 0.758708 0.001 0 0
152 0.619303 0.843262 0.55172 0.001 0 0
153 0.0206366 0.0113027 0.80638 0.001 0 0
154 0.348382 0.549533 0.219245 0.001 0 0
155 0.884489 0.581317 0.732897 0.001 0 0
156 0.172738 0.871841 0.990831 0.001 0 0
157 0.417113 0.273395 0.450558 0.001 0 0
158 0.0833105 0.423439 0.767451 0.001 0 0
159 0.167601 0.501789 0.860094 0.001 0 0
160 0.371618 0.291675 0.855167 0.001 0 0
161 0.481801 0.889023 0.0754525 0.001 0 0
162 0.520144 0.804033 0.265309 0.001 0 0
163 0.212187 0.442054 0.554288 0.001 0 0
164 0.355315 0.762093 0.228511 0.001 0 0
165 0.672661 0.202832 0.342722 0.001 0 0
166 0.990648 0.596742 0.0723787 0.001 0 0
167 0.491007 0.855987 0.38449 0.001 0 0
168 0.435506 0.847448 0.691882 0.001 0 0
169 0.766718 0.133745 0.883464 0.001 0 0
170 0.109858 0.340393 0.894243 0.001 0 0
171 0.771039 0.060009 0.397151 0.001 0 0
172 0.886575 0.0466298 0.558487 0.001 0 0
173 0.186074 0.557829 0.749149 0.001 0 0
174 0.111883 0.968597 0.969105 0.001 0 0
175 0.75505 0.989629 0.636766 0.001 0 0
176 0.604673 0.170268 0.142052 0.001 0 0
177 0.34038 0.729524 0.988413 0.001 0 0
178 0.0364023 0.823254 0.593485 0.001 0 0
179 0.0139006 0.113091 0.895339 0.001 0 0
180 0.517304 0.346205 0.45832 0.001 0 0
181 0.921301 0.463042 0.977563 0.001 0 0
182 0.99768 0.0376241 0.614137 0.001 0 0
183 0.24905 0.771092 0.0663809 0.001 0 0
184 0.701533 0.581855 0.284101 0.001 0 0
185 0.0135147 0.475331 0.645166 0.001 0 0
186 0.23876 0.909434 0.891139 0.001 0 0
187 0.430587 0.142897 0.537644 0.001 0 0
188 0.839552 0.210515 0.814434 0.001 0 0
189 0.605042 0.311853 0.366305 0.001 0 0
190 0.994597 0.908585 0.205199 0.001 0 0
191 0.241597 0.563818 0.267784 0.001 0 0
192 0.0631839 0.68815 0.35563 0.001 0 0
193 0.3838 0.292315 0.385282 0.001 0 0
194 0.751419 0.740259 0.529425 0.001 0 0
195 0.241974 0.576059 0.945791 0.001 0 0
196 0.422644 0.0744517 0.51596 0.001 0 0
197 0.382759 0.130891 0.0972349 0.001 0 0
198 0.796464 0.819436 0.0042592 0.001 0 0
199 0.968251 0.814006 0.327011 0.001 0 0
200 0.657751 0.353948 0.399103 0.001 0 0
201 0.379064 0.867859 0.965902 0.001 0 0
202 0.736729 0.751059 0.904617 0.001 0 0
203 0.255825 0.897828 0.111602 0.001 0 0
204 0.0852088 0.925825 0.548627 0.001 0 0
205 0.497617 0.798023 0.928861 0.001 0 0
206 0.133086 0.167126 0.124279 0.001 0 0
207 0.56165 0.0833668 0.53226 0.001 0 0
208 0.592393 0.0176387 0.760524 0.001 0 0
209 0.314727 0.0334907 0.176085 0.001 0 0
210 0.0993417 0.015269 0.576767 0.001 0 0
211 0.976339 0.495717 0.750292 0.001 0 0
212 0.995736 0.809497 0.632885 0.001 0 0
213 0.942075 0.350999 0.812096 0.001 0 0
214 0.923584 0.4625 0.225102 0.001 0 0
215 0.104568 0.430109 0.674487 0.001 0 0
216 0.500129 0.963388 0.660881 0.001 0 0
217 0.552192 0.495058 0.0594208 0.001 0 0
218 0.146324 0.174412 0.563126 0.001 0 0
219 0.920139 0.280019 0.798221 0.001 0 0
220 0.364804 0.136829 0.470971 0.001 0 0
221 0.0755422 0.190817 0.521322 0.001 0 0
222 0.989367 0.442715 0.603041 0.001 0 0
223 0.247035 0.742328 0.549697 0.001 0 0
224 0.316374 0.633002 0.975749 0.001 0 0
225 0.233961 0.519847 0.682956 0.001 0 0
226 0.268334 0.302383 0.915444 0.001 0 0
227 0.540317 0.555621 0.70733 0.001 0 0
228 0.808207 0.327247 0.998455 0.001 0 0
229 0.508925 0.973904 0.954671 0.001 0 0
230 0.641958 0.572225 0.127327 0.001 0 0
231 0.0246953 0.51541 0.205318 0.001 0 0
232 0.318012 0.374396 0.011655 0.001 0 0
233 0.0139762 0.263631 0.87212 0.001 0 0
234 0.914964 0.603396 0.498242 0.001 0 0
235 0.522333 0.108839 0.823164 0.001 0 0
236 0.86918 0.835978 0.829872 0.001 0 0
237 0.860809 0.622815 0.347167 0.001 0 0
238 0.734463 0.276076 0.208814 0.001 0 0
239 0.691909 0.234668 0.645208 0.001 0 0
240 0.880468 0.936468 0.0948676 0.001 0 0
241 0.640458 0.0541214 0.00455072 0.001 0 0
242 0.717938 0.30857 0.843325 0.001 0 0
243 0.932025 0.520859 0.882383 0.001 0 0
244 0.764099 0.0287459 0.302784 0.001 0 0
245 0.083886 0.667929 0.924955 0.001 0 0
246 0.888805 0.561785 0.998708 0.001 0 0
247 0.774896 0.836507 0.0442818 0.001 0 0
248 0.712668 0.711986 0.0685687 0.001 0 0
249 0.499827 0.214995 0.394523 0.001 0 0
250 0.419333 0.742635 0.201947 0.001 0 0
251 0.943465 0.497975 0.256298 0.001 0 0
252 0.497255 0.215075 0.0930499 0.001 0 0
253 0.330125 0.0407736 0.686949 0.001 0 0
254 0.678046 0.404884 0.843133 0.001 0 0
255 0.966729 0.0335385 0.420392 0.001 0 0
256 0.833833 0.167119 0.394166 0.001 0 0
257 0.0931419 0.414124 0.137024 0.001 0 0
258 0.430892 0.714236 0.17272 0.001 0 0
259 0.404911 0.525535 0.942261 0.001 0 0
260 0.541961 0.469184 0.213599 0.001 0 0
261 0.426979 0.7421 0.270946 0.001 0 0
262 0.627701 0.274804 0.950855 0.001 0 0
263 0.406165 0.175803 0.554993 0.001 0 0
264 0.579103 0.267372 0.99034 0.001 0 0
265 0.438608 0.547136 0.346021 0.001 0 0
266 0.414663 0.329784 0.259731 0.001 0 0
267 0.970436 0.673013 0.957159 0.001 0 0
268 0.178499 0.347142 0.259222 0.001 0 0
269 0.955716 0.573046 0.649961 0.001 0 0
270 0.802626 0.123167 0.346937 0.001 0 0
271 0.942298 0.36899 0.525825 0.001 0 0
272 0.117429 0.879546 0.430508 0.001 0 0
273 0.819658 0.888737 0.194239 0.001 0 0
274 0.311343 0.958924 0.549244 0.001 0 0
275 0.588668 0.638993 0.171696 0.001 0 0
276 0.161418 0.744476 0.70785 0.001 0 0
277 0.890757 0.947593 0.368882 0.001 0 0
278 0.79301 0.304024 0.540994 0.001 0 0
279 0.673834 0.910221 0.702398 0.001 0 0
280 0.388597 0.0276057 0.601917 0.001 0 0
281 0.198467 0.868443 0.74788 0.001 0 0
282 0.429441 0.199831 0.822719 0.001 0 0
283 0.748898 0.915209 0.530108 0.001 0 0
284 0.153111 0.60027 0.689133 0.001 0 0
285 0.0620766 0.794572 0.401171 0.001 0 0
286 0.526335 0.899311 0.622074 0.001 0 0
287 0.690493 0.581144 0.0539672 0.001 0 0
288 0.193668 0.793623 0.649819 0.001 0 0
289 0.925864 0.587015 0.152533 0.001 0 0
290 0.745254 0.670754 0.649082 0.001 0 0
291 0.815592 0.504914 0.519926 0.001 0 0
292 0.37722 0.3103 0.442671 0.001 0 0
293 0.463358 0.321228 0.576558 0.001 0 0
294 0.241193 0.40173 0.304646 0.001 0 0
295 0.830857 0.621985 0.0584828 0.001 0 0
296 0.464324 0.686263 0.891184 0.001 0 0
297 0.55091 0.148044 0.0368093 0.001 0 0
298 0.711588 0.838735 0.406067 0.001 0 0
299 0.78287 0.800051 0.0792199 0.001 0 0
300 0.415028 0.658762 0.725938 0.001 0 0
301 0.393818 0.812609 0.845266 0.001 0 0
302 0.326504 0.0918594 0.0117276 0.001 0 0
303 0.367965 0.26705 0.505442 0.001 0 0
304 0.275822 0.776434 0.570778 0.001 0 0
305 0.96851 0.690836 0.851629 0.001 0 0
306 0.518856 0.289456 0.593225 0.001 0 0
307 0.894377 0.706919 0.244613 0.001 0 0
308 0.960528 0.8318 0.237333 0.001 0 0
309 0.636839 0.141924 0.998495 0.001 0 0
310 0.374889 0.198699 0.0805925 0.001 0 0
311 0.091307 0.129556 0.861157 0.001 0 0
312 0.525033 0.397835 0.885347 0.001 0 0
313 0.239787 0.295767 0.704619 0.001 0 0
314 0.726406 0.0648092 0.954102 0.001 0 0
315 0.00667511 0.670156 0.77444 0.001 0 0
316 0.104607 0.545508 0.518224 0.001 0 0
317 0.86616 0.548525 0.488707 0.001 0 0
318 0.564847 0.489706 0.415452 0.001 0 0
319 0.922161 0.366495 0.448247 0.001 0 0
320 0.088488 0.0576664 0.741928 0.001 0 0
321 0.494084 0.0210869 0.183399 0.001 0 0
322 0.974004 0.648087 0.166281 0.001 0 0
323 0.114237 0.511417 0.958498 0.001 0 0
324 0.239096 0.875626 0.980852 0.001 0 0
325 0.134539 0.420113 0.326974 0.001 0 0
326 0.454099 0.0599884 0.976615 0.001 0 0
327 0.869017 0.993193 0.609681 0.001 0 0
328 0.191785 0.338509 0.628725 0.001 0 0
329 0.913545 0.944414 0.846084 0.001 0 0
330 0.981656 0.272615 0.176234 0.001 0 0
331 0.785473 0.75502 0.446318 0.001 0 0
332 0.777706 0.788454 0.0962854 0.001 0 0
333 0.813756 0.648634 0.131608 0.001 0 0
334 0.0628035 0.0673737 0.206376 0.001 0 0
335 0.216181 0.630721 0.611994 0.001 0 0
336 0.273159 0.0277172 0.593743 0.001 0 0
337 0.541058 0.395264 0.0285263 0.001 0 0
338 0.507584 0.322241 0.256772 0.001 0 0
339 0.746668 0.891374 0.0346796 0.001 0 0
340 0.0672278 0.417915 0.274798 0.001 0 0
341 0.32623 0.814092 0.250467 0.001 0 0
342 0.724884 0.434183 0.22911 0.001 0 0
343 0.244162 0.354458 0.666784 0.001 0 0
344 0.656085 0.683775 0.869769 0.001 0 0
345 0.971199 0.80861 0.101141 0.001 0 0
346 0.942971 0.258965 0.251122 0.001 0 0
347 0.0731327 0.704195 0.16413 0.001 0 0
348 0.924514 0.893043 0.0790524 0.001 0 0
349 0.551456 0.503937 0.0668192 0.001 0 0
350 0.766041 0.274018 0.85608 0.001 0 0
351 0.245611 0.0527713 0.436709 0.001 0 0
352 0.372492 0.359197 0.83582 0.001 0 0
353 0.584805 0.0811057 0.0586512 0.001 0 0
354 0.0528533 0.302666 0.0735315 0.001 0 0
355 0.631369 0.0456879 0.816918 0.001 0 0
356 0.989821 0.979707 0.676971 0.001 0 0
357 0.36173 0.528233 0.244264 0.001 0 0
358 0.446735 0.0150974 0.0622306 0.001 0 0
359 0.484864 0.742037 0.347863 0.001 0 0
360 0.0732251 0.404894 0.835882 0.001 0 0
361 0.181008 0.238821 0.561665 0.001 0 0
362 0.294522 0.911794 0.915756 0.001 0 0
363 0.997464 0.435791 0.182392 0.001 0 0
364 0.270139 0.61518 0.675914 0.001 0 0
365 0.849874 0.81101 0.346307 0.001 0 0
366 0.773261 0.328799 0.0948161 0.001 0 0
367 0.427568 0.573604 0.409507 0.001 0 0
368 0.949964 0.774983 0.336957 0.001 0 0
369 0.0260916 0.841568 0.207115 0.001 0 0
370 0.238001 0.175395 0.798925 0.001 0 0
371 0.0192838 0.851319 0.901174 0.001 0 0
372 0.124947 0.586909 0.509925 0.001 0 0
373 0.90704 0.31183 0.10791 0.001 0 0
374 0.346312 0.382661 0.275244 0.001 0 0
375 0.514564 0.543346 0.0133779 0.001 0 0
376 0.282166 0.754611 0.222216 0.001 0 0
377 0.189442 0.236971 0.694151 0.001 0 0
378 0.64656 0.11395 0.293307 0.001 0 0
379 0.855733 0.454663 0.0564615 0.001 0 0
380 0.291118 0.992757 0.849541 0.001 0 0
381 0.961956 0.333627 0.338089 0.001 0 0
382 0.100035 0.529715 0.17959 0.001 0 0
383 0.073973 0.0880744 0.378289 0.001 0 0
384 0.495601 0.339913 0.176132 0.001 0 0
385 0.717512 0.42804 0.202829 0.001 0 0
386 0.088277 0.108473 0.594695 0.001 0 0
387 0.535347 0.35679 0.966525 0.001 0 0
388 0.926355 0.555107 0.760277 0.001 0 0
389 0.907556 0.917845 0.432838 0.001 0 0
390 0.743139 0.247222 0.926522 0.001 0 0
391 0.144755 0.275307 0.0503407 0.001 0 0
392 0.4787 0.833157 0.764911 0.001 0 0
393 0.212912 0.737327 0.778935 0.001 0 0
394 0.854292 0.151099 0.112528 0.001 0 0
395 0.982937 0.498778 0.645512 0.001 0 0
396 0.428912 0.0836963 0.975079 0.001 0 0
397 0.69487 0.8123 0.88182 0.001 0 0
398 0.733863 0.689646 0.160081 0.001 0 0
399 0.283283 0.663727 0.431569 0.001 0 0
400 0.365813 0.774742 0.0167543 0.001 0 0
401 0.421181 0.538255 0.782203 0.001 0 0
402 0.380478 0.327383 0.497349 0.001 0 0
403 0.418627 0.966085 0.301241 0.001 0 0
404 0.493675 0.684715 0.832451 0.001 0 0
405 0.326204 0.942234 0.417728 0.001 0 0
406 0.480638 0.441913 0.724362 0.001 0 0
407 0.751367 0.0142112 0.055064 0.001 0 0
408 0.660584 0.0486873 0.863762 0.001 0 0
409 0.918899 0.93895 0.514024 0.001 0 0
410 0.707008 0.641261 0.798311 0.001 0 0
411 0.672936 0.42574 0.298415 0.001 0 0
412 0.551316 0.6947 0.242085 0.001 0 0
413 0.142209 0.413425 0.68087 0.001 0 0
414 0.173408 0.874668 0.185917 0.001 0 0
415 0.995941 0.57625 0.556419 0.001 0 0
416 0.93937 0.668098 0.405181 0.001 0 0
417 0.341914 0.0316496 0.600622 0.001 0 0
418 0.34639 0.876535 0.548655 0.001 0 0
419 0.682431 0.644033 0.471029 0.001 0 0
420 0.966278 0.973508 0.331778 0.001 0 0
421 0.546147 0.268336 0.802073 0.001 0 0
422 0.725516 0.477235 0.709147 0.001 0 0
423 0.936435 0.193159 0.877945 0.001 0 0
424 0.0285967 0.421016 0.260633 0.001 0 0
425 0.633604 0.177326 0.659047 0.001 0 0
426 0.0952377 0.664468 0.112609 0.001 0 0
427 0.161874 0.959448 0.909099 0.001 0 0
428 0.909601 0.99508 0.340195 0.001 0 0
429 0.885727 0.339092 0.978022 0.001 0 0
430 0.419934 0.811659 0.976854 0.001 0 0
431 0.816019 0.596628 0.761185 0.001 0 0
432 0.0906566 0.0370191 0.707156 0.001 0 0
433 0.878458 0.0217819 0.355587 0.001 0 0
434 0.0607006 0.183743 0.435875 0.001 0 0
435 0.863171 0.810539 0.33923 0.001 0 0
436 0.181849 0.816251 0.992933 0.001 0 0
437 0.0827012 0.00808847 0.930444 0.001 0 0
438 0.247303 0.974912 0.514923 0.001 0 0
439 0.440295 0.765573 0.553115 0.001 0 0
440 0.0272761 0.353139 0.93316 0.001 0 0
441 0.683276 0.273202 0.782587 0.001 0 0
442 0.60441 0.247281 0.628389 0.001 0 0
443 0.346318 0.194716 0.664895 0.001 0 0
444 0.0650842 0.62602 0.669705 0.001 0 0
445 0.872917 0.708945 0.70112 0.001 0 0
446 0.368233 0.780694 0.688386 0.001 0 0
447 0.458306 0.645749 0.526911 0.001 0 0
448 0.998676 0.473854 0.439866 0.001 0 0
449 0.508924 0.0245036 0.0808904 0.001 0 0
450 0.630896 0.259703 0.999306 0.001 0 0
451 0.683475 0.769458 0.405398 0.001 0 0
452 0.00460842 0.401683 0.487563 0.001 0 0
453 0.501648 0.332265 0.981513 0.001 0 0
454 0.343157 0.228983 0.057298 0.001 0 0
455 0.498546 0.906812 0.977546 0.001 0 0
456 0.309554 0.947055 0.336057 0.001 0 0
457 0.575787 0.15973 0.734674 0.001 0 0
458 0.10137 0.507124 0.0742838 0.001 0 0
459 0.168409 0.949497 0.39163 0.001 0 0
460 0.916934 0.0050469 0.337996 0.001 0 0
461 0.599298 0.951388 0.448507 0.001 0 0
462 0.511444 0.579957 0.099818 0.001 0 0
463 0.865028 0.364274 0.110781 0.001 0 0
464 0.903847 0.219812 0.945043 0.001 0 0
465 0.679053 0.650724 0.26571 0.001 0 0
466 0.0995432 0.929723 0.59274 0.001 0 0
467 0.72208 0.148416 0.974857 0.001 0 0
468 0.257755 0.0772348 0.381043 0.001 0 0
469 0.246761 0.318661 0.712214 0.001 0 0
470 0.513636 0.683065 0.720348 0.001 0 0
471 0.419114 0.616018 0.995377 0.001 0 0
472 0.93386 0.680103 0.620981 0.001 0 0
473 0.244223 0.218654 0.0346789 0.001 0 0
474 0.541348 0.89397 0.725332 0.001 0 0
475 0.88749 0.136408 0.829837 0.001 0 0
476 0.73658 0.730364 0.666837 0.001 0 0
477 0.423265 0.587682 0.182916 0.001 0 0
478 0.0421979 0.600437 0.221424 0.001 0 0
479 0.328342 0.933956 0.392163 0.001 0 0
480 0.99792 0.413753 0.649275 0.001 0 0
481 0.233418 0.594265 0.61078 0.001 0 0
482 0.266778 0.029647 0.571521 0.001 0 0
483 0.0645127 0.0302013 0.138497 0.001 0 0
484 0.171794 0.682765 0.909646 0.001 0 0
485 0.778943 0.650908 0.979672 0.001 0 0
486 0.263383 0.701812 0.910348 0.001 0 0
487 0.312639 0.83579 0.274438 0.001 0 0
488 0.872682 0.511475 0.887117 0.001 0 0
489 0.37699 0.653606 0.526784 0.001 0 0
490 0.919487 0.789944 0.409189 0.001 0 0
491 0.603535 0.847859 0.34598 0.001 0 0
492 0.689326 0.441219 0.0335339 0.001 0 0
493 0.189246 0.521756 0.906754 0.001 0 0
494 0.196496 0.101111 0.293359 0.001 0 0
495 0.206586 0.118769 0.170215 0.001 0 0
496 0.510685 0.73707 0.490634 0.001 0 0
497 0.518653 0.910441 0.647517 0.001 0 0
498 0.761349 0.196657 0.583616 0.001 0 0
499 0.468812 0.656652 0.104534 0.001 0 0
500 0.0640827 0.388043 0.31873 0.001 0 0
501 0.386916 0.416736 0.190158 0.001 0 0
502 0.65191 0.712947 0.606396 0.001 0 0
503 0.487018 0.234096 0.916304 0.001 0 0
504 0.946232 0.62651 0.301778 0.001 0 0
505 0.597198 0.345251 0.637038 0.001 0 0
506 0.700642 0.152 0.26729 0.001 0 0
507 0.625757 0.308162 0.130034 0.001 0 0
508 0.261349 0.939784 0.256386 0.001 0 0
509 0.875639 0.274235 0.186398 0.001 0 0
510 0.129437 0.0342618 0.826233 0.001 0 0
511 0.586475 0.0371086 0.205499 0.001 0 0
512 0.706612 0.714204 0.6782 0.001 0 0
513 0.223631 0.491547 0.0261479 0.001 0 0
514 0.192914 0.894873 0.255166 0.001 0 0
515 0.656002 0.42972 0.502755 0.001 0 0
516 0.670714 0.871199 0.144599 0.001 0 0
517 0.562747 0.699463 0.554641 0.001 0 0
518 0.63513 0.579997 0.0393252 0.001 0 0
519 0.523076 0.740984 0.502488 0.001 0 0
520 0.478085 0.746257 0.284465 0.001 0 0
521 0.0301936 0.882396 0.400771 0.001 0 0
522 0.145947 0.437804 0.77665 0.001 0 0
523 0.95884 0.238754 0.245802 0.001 0 0
524 0.626154 0.619195 0.0752637 0.001 0 0
525 0.14837 0.71542 0.233514 0.001 0 0
526 0.344461 0.766295 0.612413 0.001 0 0
527 0.938725 0.149039 0.94757 0.001 0 0
528 0.160639 0.46081 0.555577 0.001 0 0
529 0.903381 0.011448 0.884881 0.001 0 0
530 0.905814 0.151537 0.512985 0.001 0 0
531 0.00170468 0.69223 0.0360948 0.001 0 0
532 0.676773 0.30689 0.0421675 0.001 0 0
533 0.746079 0.703881 0.137436 0.001 0 0
534 0.00911381 0.18717 0.0736731 0.001 0 0
535 0.94213 0.0549549 0.362173 0.001 0 0
536 0.670177 0.36784 0.801403 0.001 0 0
537 0.445047 0.699578 0.608587 0.001 0 0
538 0.387679 0.0223015 0.382072 0.001 0 0
539 0.19905 0.225364 0.219925 0.001 0 0
540 0.462907 0.601702 0.286562 0.001 0 0
541 0.207185 0.381752 0.948722 0.001 0 0
542 0.935353 0.721331 0.931471 0.001 0 0
543 0.495789 0.659394 0.26104 0.001 0 0
544 0.558775 0.849793 0.111847 0.001 0 0
545 0.196018 0.0307645 0.117183 0.001 0 0
546 0.96299 0.2851 0.626507 0.001 0 0
547 0.330852 0.333806 0.326633 0.001 0 0
548 0.279339 0.628011 0.567936 0.001 0 0
549 0.0358619 0.257352 0.508898 0.001 0 0
550 0.809306 0.364355 0.0896925 0.001 0 0
551 0.300644 0.886007 0.26458 0.001 0 0
552 0.258575 0.089927 0.0135525 0.001 0 0
553 0.988346 0.931732 0.325956 0.001 0 0
554 0.763935 0.0214114 0.76674 0.001 0 0
555 0.422565 0.899566 0.908188 0.001 0 0
556 0.366574 0.136154 0.937516 0.001 0 0
557 0.655738 0.222697 0.183857 0.001 0 0
558 0.762536 0.690925 0.0794913 0.001 0 0
559 0.0229045 0.469856 0.996489 0.001 0 0
560 0.955404 0.16325 0.620598 0.001 0 0
561 0.406158 0.784573 0.297164 0.001 0 0
562 0.38236 0.717939 0.690536 0.001 0 0
563 0.895271 0.844046 0.690893 0.001 0 0
564 0.599202 0.640609 0.326628 0.001 0 0
565 0.673517 0.329335 0.0898549 0.001 0 0
566 0.180382 0.805242 0.348717 0.001 0 0
567 0.0274598 0.365186 0.00821782 0.001 0 0
568 0.191648 0.482809 0.710495 0.001 0 0
569 0.180135 0.0381313 0.950988 0.001 0 0
570 0.81642 0.229386 0.742162 0.001 0 0
571 0.836658 0.183169 0.12099 0.001 0 0
572 0.123903 0.566537 0.406478 0.001 0 0
573 0.659238 0.0919416 0.979853 0.001 0 0
574 0.748696 0.333747 0.45659 0.001 0 0
575 0.444125 0.131354 0.434893 0.001 0 0
576 0.52355 0.328943 0.943299 0.001 0 0
577 0.825406 0.0842218 0.856959 0.001 0 0
578 0.385726 0.933506 0.885373 0.001 0 0
579 0.594081 0.974417 0.224889 0.001 0 0
580 0.602737 0.878895 0.829623 0.001 0 0
581 0.241368 0.0330671 0.420432 0.001 0 0
582 0.589154 0.313791 0.991774 0.001 0 0
583 0.788285 0.699157 0.90424 0.001 0 0
584 0.724814 0.645917 0.0856788 0.001 0 0
585 0.37768 0.614057 0.993506 0.001 0 0
586 0.877921 0.937571 0.816484 0.001 0 0
587 0.180042 0.243805 0.961966 0.001 0 0
588 0.885317 0.512182 0.70761 0.001 0 0
589 0.0445878 0.578008 0.013062 0.001 0 0
590 0.200705 0.430738 0.419477 0.001 0 0
591 0.00469639 0.0812762 0.727253 0.001 0 0
592 0.536358 0.755761 0.53119 0.001 0 0
593 0.909592 0.950339 0.51759 0.001 0 0
594 0.536812 0.25446 0.749643 0.001 0 0
595 0.900153 0.728754 0.196115 0.001 0 0
596 0.0320999 0.556495 0.108825 0.001 0 0
597 0.0290448 0.840992 0.411331 0.001 0 0
598 0.413858 0.820039 0.85849 0.001 0 0
599 0.579267 0.262669 0.902014 0.001 0 0
600 0.539669 0.00979706 0.767835 0.001 0 0
601 0.674402 0.605904 0.799502 0.001 0 0
602 0.534316 0.199954 0.170457 0.001 0 0
603 0.707732 0.0282421 0.891441 0.001 0 0
604 0.905993 0.205365 0.269432 0.001 0 0
605 0.550589 0.090406 0.161818 0.001 0 0
606 0.296666 0.128283 0.0889673 0.001 0 0
607 0.534047 0.786143 0.554355 0.001 0 0
608 0.258589 0.834726 0.438529 0.001 0 0
609 0.569118 0.706607 0.567522 0.001 0 0
610 0.0597377 0.755115 0.885905 0.001 0 0
611 0.20655 0.739148 0.138752 0.001 0 0
612 0.316378 0.245628 0.0606335 0.001 0 0
613 0.39408 0.694312 0.179479 0.001 0 0
614 0.852072 0.591023 0.636139 0.001 0 0
615 0.937832 0.364719 0.472607 0.001 0 0
616 0.870029 0.213698 0.493381 0.001 0 0
617 0.897249 0.585799 0.854189 0.001 0 0
618 0.44779 0.724514 0.652686 0.001 0 0
619 0.746715 0.195174 0.282786 0.001 0 0
620 0.354627 0.230396 0.728896 0.001 0 0
621 0.618488 0.931524 0.169543 0.001 0 0
622 0.202736 0.599541 0.515758 0.001 0 0
623 0.690625 0.223751 0.068177 0.001 0 0
624 0.145661 0.662236 0.0687335 0.001 0 0
625 0.408908 0.611192 0.80232 0.001 0 0
626 0.346911 0.80286 0.66291 0.001 0 0
627 0.670829 0.20588 0.594536 0.001 0 0
628 0.398378 0.676041 0.0293078 0.001 0 0
629 0.405775 0.149204 0.710518 0.001 0 0
630 0.0705386 0.499576 0.029212 0.001 0 0
631 0.424641 0.661588 0.502923 0.001 0 0
632 0.0372353 0.273021 0.142655 0.001 0 0
633 0.834342 0.2853 0.810005 0.001 0 0
634 0.504003 0.790599 0.159905 0.001 0 0
635 0.837785 0.317857 0.952819 0.001 0 0
636 0.145949 0.480622 0.242899 0.001 0 0
637 0.104754 0.245296 0.673114 0.001 0 0
638 0.653259 0.862652 0.347474 0.001 0 0
639 0.415287 0.236452 0.164825 0.001 0 0
640 0.645872 0.76999 0.930364 0.001 0 0
641 0.701882 0.680909 0.289252 0.001 0 0
642 0.401353 0.639502 0.328569 0.001 0 0
643 0.480615 0.510232 0.538914 0.001 0 0
644 0.447212 0.529674 0.254451 0.001 0 0
645 0.262421 0.734033 0.0303802 0.001 0 0
646 0.437305 0.963491 0.858765 0.001 0 0
647 0.555449 0.0303823 0.549606 0.001 0 0
648 0.781886 0.492258 0.458459 0.001 0 0
649 0.242113 0.394163 0.752208 0.001 0 0
650 0.314563 0.126213 0.385537 0.001 0 0
651 0.0354672 0.949927 0.32063 0.001 0 0
652 0.676212 0.463534 0.874758 0.001 0 0
653 0.6804 0.783119 0.645903 0.001 0 0
654 0.0880563 0.173061 0.807337 0.001 0 0
655 0.138449 0.871487 0.356928 0.001 0 0
656 0.349109 0.761246 0.343213 0.001 0 0
657 0.807221 0.293623 0.349721 0.001 0 0
658 0.837622 0.45669 0.303624 0.001 0 0
659 0.108408 0.257053 0.374069 0.001 0 0
660 0.490737 0.53783 0.876348 0.001 0 0
661 0.544971 0.724439 0.511464 0.001 0 0
662 0.384472 0.966474 0.688015 0.001 0 0
663 0.0177471 0.408502 0.212055 0.001 0 0
664 0.478565 0.983445 0.398558 0.001 0 0
665 0.78465 0.301529 0.0634898 0.001 0 0
666 0.651684 0.644999 0.576718 0.001 0 0
667 0.137391 0.147392 0.447055 0.001 0 0
668 0.0293711 0.145247 0.824263 0.001 0 0
669 0.133995 0.449293 0.781798 0.001 0 0
670 0.205244 0.517624 0.0316375 0.001 0 0
671 0.282555 0.225493 0.813563 0.001 0 0
672 0.643567 0.536102 0.858518 0.001 0 0
673 0.967416 0.0925597 0.912281 0.001 0 0
674 0.144136 0.748027 0.114094 0.001 0 0
675 0.640143 0.73269 0.0350629 0.001 0 0
676 0.322495 0.285325 0.752097 0.001 0 0
677 0.709601 0.751043 0.645471 0.001 0 0
678 0.390738 0.767595 0.609831 0.001 0 0
679 0.683999 0.145064 0.200969 0.001 0 0
680 0.689433 0.507369 0.563613 0.001 0 0
681 0.585505 0.2045 0.0962009 0.001 0 0
682 0.296055 0.236363 0.888896 0.001 0 0
683 0.665535 0.4241 0.280035 0.001 0 0
684 0.0797589 0.717827 0.697047 0.001 0 0
685 0.647999 0.826152 0.311842 0.001 0 0
686 0.0603232 0.727041 0.43463 0.001 0 0
687 0.476642 0.583533 0.596775 0.001 0 0
688 0.458232 0.817135 0.0538047 0.001 0 0
689 0.56056 0.987701 0.0228994 0.001 0 0
690 0.575871 0.816888 0.407748 0.001 0 0
691 0.493065 0.495895 0.0799075 0.001 0 0
692 0.67211 0.542936 0.624404 0.001 0 0
693 0.498476 0.669358 0.415999 0.001 0 0
694 0.910523 0.736929 0.389211 0.001 0 0
695 0.954495 0.514404 0.71527 0.001 0 0
696 0.251008 0.583197 0.93011 0.001 0 0
697 0.249485 0.633976 0.996117 0.001 0 0
698 0.120859 0.0234505 0.296836 0.001 0 0
699 0.43672 0.374447 0.275863 0.001 0 0
700 0.128192 0.159248 0.339571 0.001 0 0
701 0.245325 0.3744 0.683037 0.001 0 0
702 0.800033 0.791928 0.645818 0.001 0 0
703 0.349551 0.307162 0.803696 0.001 0 0
704 0.177022 0.563777 0.722491 0.001 0 0
705 0.564117 0.398371 0.170649 0.001 0 0
706 0.304354 0.415093 0.486886 0.001 0 0
707 0.456046 0.485252 0.332433 0.001 0 0
708 0.869628 0.463632 0.515822 0.001 0 0
709 0.89471 0.0543942 0.78461 0.001 0 0
710 0.589669 0.287435 0.677078 0.001 0 0
711 0.373645 0.256801 0.873237 0.001 0 0
712 0.448128 0.299342 0.142423 0.001 0 0
713 0.28846 0.925365 0.32803 0.001 0 0
714 0.00615134 0.01662 0.0470867 0.001 0 0
715 0.794045 0.342828 0.316626 0.001 0 0
716 0.84749 0.00527665 0.376181 0.001 0 0
717 0.0845758 0.623487 0.0577451 0.001 0 0
718 0.59538 0.794054 0.488523 0.001 0 0
719 0.575688 0.501369 0.78223 0.001 0 0
720 0.393773 0.321181 0.629938 0.001 0 0
721 0.32311 0.350419 0.23712 0.001 0 0
722 0.023233 0.451001 0.569787 0.001 0 0
723 0.0945566 0.817465 0.751275 0.001 0 0
724 0.477956 0.367185 0.370164 0.001 0 0
725 0.693108 0.0483814 0.542617 0.001 0 0
726 0.0978176 0.411655 0.935253 0.001 0 0
727 0.487765 0.153278 0.0307302 0.001 0 0
728 0.0314466 0.859555 0.0720783 0.001 0 0
729 0.661062 0.537641 0.0205013 0.001 0 0
730 0.35953 0.0838953 0.620673 0.001 0 0
731 0.500057 0.683648 0.814519 0.001 0 0
732 0.359992 0.32529 0.648739 0.001 0 0
733 0.907641 0.192961 0.659259 0.001 0 0
734 0.372968 0.230468 0.254198 0.001 0 0
735 0.604036 0.617404 0.00404026 0.001 0 0
736 0.910104 0.669403 0.947626 0.001 0 0
737 0.114971 0.0912416 0.305713 0.001 0 0
738 0.241488 0.730956 0.837045 0.001 0 0
739 0.670037 0.077048 0.797887 0.001 0 0
740 0.588245 0.168997 0.348257 0.001 0 0
741 0.829859 0.458575 0.713542 0.001 0 0
742 0.380299 0.771814 0.759329 0.001 0 0
743 0.60656 0.533536 0.661331 0.001 0 0
744 0.790139 0.652462 0.848912 0.001 0 0
745 0.554376 0.287164 0.73153 0.001 0 0
746 0.846723 0.137178 0.170626 0.001 0 0
747 0.902565 0.0902949 0.184696 0.001 0 0
748 0.91968 0.34484 0.314746 0.001 0 0
749 0.616678 0.473205 0.71021 0.001 0 0
750 0.661653 0.333523 0.462898 0.001 0 0
751 0.223439 0.603453 0.491103 0.001 0 0
752 0.925217 0.168669 0.928426 0.001 0 0
753 0.976933 0.286365 0.385407 0.001 0 0
754 0.659962 0.938647 0.0156325 0.001 0 0
755 0.198481 0.909188 0.329723 0.001 0 0
756 0.221126 0.31343 0.782522 0.001 0 0
757 0.0497843 0.670823 0.90354 0.001 0 0
758 0.890975 0.649332 0.659149 0.001 0 0
759 0.243406 0.128895 0.892126 0.001 0 0
760 0.520069 0.748077 0.600427 0.001 0 0
761 0.101021 0.744742 0.361436 0.001 0 0
762 0.816809 0.724174 0.650124 0.001 0 0
763 0.364639 0.257605 0.67198 0.001 0 0
764 0.62002 0.740109 0.581534 0.001 0 0
765 0.855175 0.318604 0.602465 0.001 0 0
766 0.304048 0.383 0.237723 0.001 0 0
767 0.347292 0.172198 0.776469 0.001 0 0
768 0.949517 0.95767 0.966736 0.001 0 0
769 0.635562 0.674704 0.0775898 0.001 0 0
770 0.77918 0.879084 0.380958 0.001 0 0
771 0.604147 0.913381 0.734993 0.001 0 0
772 0.899056 0.00455962 0.896123 0.001 0 0
773 0.122611 0.817888 0.998451 0.001 0 0
774 0.126881 0.804982 0.338715 0.001 0 0
775 0.221126 0.519121 0.793566 0.001 0 0
776 0.00788546 0.633568 0.514549 0.001 0 0
777 0.749783 0.846391 0.100197 0.001 0 0
778 0.475264 0.172656 0.0787915 0.001 0 0
779 0.15152 0.559197 0.665349 0.001 0 0
780 0.321346 0.548755 0.565233 0.001 0 0
781 0.275428 0.22507 0.562277 0.001 0 0
782 0.750206 0.578943 0.868744 0.001 0 0
783 0.361904 0.806791 0.437988 0.001 0 0
784 0.586278 0.864096 0.0372013 0.001 0 0
785 0.167147 0.475439 0.579791 0.001 0 0
786 0.59088 0.864062 0.651013 0.001 0 0
787 0.993733 0.209318 0.681242 0.001 0 0
788 0.277586 0.0138874 0.893948 0.001 0 0
789 0.270279 0.655937 0.339326 0.001 0 0
790 0.396089 0.870287 0.828513 0.001 0 0
791 0.363887 0.74291 0.543932 0.001 0 0
792 0.735149 0.968426 0.20437 0.001 0 0
793 0.00377741 0.117188 0.0862406 0.001 0 0
794 0.801207 0.140871 0.912655 0.001 0 0
795 0.971039 0.133163 0.23108 0.001 0 0
796 0.448228 0.309754 0.239212 0.001 0 0
797 0.461783 0.655464 0.825434 0.001 0 0
798 0.251448 0.848413 0.342528 0.001 0 0
799 0.546601 0.0888208 0.128119 0.001 0 0
800 0.337673 0.376264 0.467866 0.001 0 0
801 0.988351 0.708145 0.0454356 0.001 0 0
802 0.526016 0.889393 0.049524 0.001 0 0
803 0.745172 0.571872 0.707834 0.001 0 0
804 0.555776 0.343233 0.104169 0.001 0 0
805 0.206353 0.923846 0.161643 0.001 0 0
806 0.108123 0.674012 0.356795 0.001 0 0
807 0.684029 0.463965 0.729548 0.001 0 0
808 0.450901 0.727554 0.241151 0.001 0 0
809 0.399265 0.927773 0.183951 0.001 0 0
810 0.763487 0.483802 0.654733 0.001 0 0
811 0.877559 0.0805836 0.548023 0.001 0 0
812 0.816518 0.456012 0.588169 0.001 0 0
813 0.141044 0.75863 0.750369 0.001 0 0
814 0.105558 0.779301 0.699359 0.001 0 0
815 0.092188 0.689716 0.778824 0.001 0 0
816 0.00340049 0.484747 0.428082 0.001 0 0
817 0.163667 0.195848 0.873211 0.001 0 0
818 0.0467278 0.785263 0.631365 0.001 0 0
819 0.265587 0.801205 0.97484 0.001 0 0
820 0.436643 0.564927 0.893793 0.001 0 0
821 0.16562 0.486909 0.933232 0.001 0 0
822 0.0331036 0.811271 0.392769 0.001 0 0
823 0.0817128 0.701255 0.852067 0.001 0 0
824 0.236338 0.348046 0.944046 0.001 0 0
825 0.62863 0.376842 0.25056 0.001 0 0
826 0.277554 0.461415 0.752644 0.001 0 0
827 0.869672 0.11851 0.00728303 0.001 0 0
828 0.982246 0.729849 0.41023 0.001 0 0
829 0.619693 0.621237 0.712264 0.001 0 0
830 0.230076 0.374354 0.694506 0.001 0 0
831 0.152129 0.388533 0.482495 0.001 0 0
832 0.978877 0.638843 0.676852 0.001 0 0
833 0.759495 0.0116835 0.262606 0.001 0 0
834 0.71958 0.680691 0.802608 0.001 0 0
835 0.0521365 0.69716 0.37521 0.001 0 0
836 0.234687 0.311309 0.157415 0.001 0 0
837 0.0305611 0.740585 0.00224043 0.001 0 0
838 0.339737 0.516953 0.349069 0.001 0 0
839 0.504677 0.887641 0.230927 0.001 0 0
840 0.172634 0.203881 0.558212 0.001 0 0
841 0.662302 0.858343 0.794904 0.001 0 0
842 0.260662 0.71392 0.342832 0.001 0 0
843 0.0509968 0.359469 0.857287 0.001 0 0
844 0.768747 0.796662 0.382764 0.001 0 0
845 0.0225986 0.464927 0.592344 0.001 0 0
846 0.799379 0.163693 0.787746 0.001 0 0
847 0.805368 0.0640737 0.870919 0.001 0 0
848 0.0849749 0.179593 0.292173 0.001 0 0
849 0.849699 0.0952994 0.861612 0.001 0 0
850 0.506845 0.283241 0.727846 0.001 0 0
851 0.249855 0.683918 0.388106 0.001 0 0
852 0.886956 0.734414 0.818846 0.001 0 0
853 0.663591 0.5893 0.386103 0.001 0 0
854 0.728722 0.992494 0.605795 0.001 0 0
855 0.902759 0.713636 0.26142 0.001 0 0
856 0.719539 0.594419 0.429404 0.001 0 0
857 0.341222 0.163431 0.0443707 0.001 0 0
858 0.542751 0.276907 0.332933 0.001 0 0
859 0.564158 0.884523 0.926184 0.001 0 0
860 0.274478 0.956553 0.650808 0.001 0 0
861 0.525534 0.182873 0.234532 0.001 0 0
862 0.813964 0.947251 0.910355 0.001 0 0
863 0.159093 0.882737 0.828959 0.001 0 0
864 0.363918 0.5744 0.209499 0.001 0 0
865 0.888727 0.427413 0.617728 0.001 0 0
866 0.776262 0.230242 0.951857 0.001 0 0
867 0.248417 0.515663 0.925003 0.001 0 0
868 0.6621 0.817035 0.422301 0.001 0 0
869 0.514523 0.91843 0.323932 0.001 0 0
870 0.574611 0.315321 0.804476 0.001 0 0
871 0.161791 0.0854732 0.153776 0.001 0 0
872 0.840193 0.758164 0.514526 0.001 0 0
873 0.24442 0.138334 0.898375 0.001 0 0
874 0.880245 0.329895 0.342574 0.001 0 0
875 0.626441 0.331097 0.14325 0.001 0 0
876 0.3413 0.00835667 0.80189 0.001 0 0
877 0.713676 0.313678 0.535439 0.001 0 0
878 0.564042 0.606917 0.50842 0.001 0 0
879 0.582406 0.0089306 0.0120697 0.001 0 0
880 0.692931 0.992657 0.457046 0.001 0 0
881 0.391212 0.930468 0.282445 0.001 0 0
882 0.525031 0.635457 0.247921 0.001 0 0
883 0.522922 0.187369 0.368167 0.001 0 0
884 0.37132 0.893417 0.106443 0.001 0 0
885 0.824057 0.242529 0.746194 0.001 0 0
886 0.176814 0.299445 0.157251 0.001 0 0
887 0.627981 0.712359 0.346514 0.001 0 0
888 0.0820692 0.99832 0.49168 0.001 0 0
889 0.408642 0.674164 0.720971 0.001 0 0
890 0.565716 0.664167 0.535617 0.001 0 0
891 0.374575 0.548931 0.466708 0.001 0 0
892 0.623746 0.402888 0.0392417 0.001 0 0
893 0.757785 0.524392 0.668899 0.001 0 0
894 0.760475 0.850214 0.169514 0.001 0 0
895 0.899649 0.464916 0.0203313 0.001 0 0
896 0.819073 0.604527 0.515341 0.001 0 0
897 0.163911 0.558029 0.507174 0.001 0 0
898 0.307337 0.872589 0.658263 0.001 0 0
899 0.51353 0.442716 0.46459 0.001 0 0
900 0.194937 0.764008 0.738126 0.001 0 0
901 0.919441 0.396969 0.388211 0.001 0 0
902 0.684768 0.178372 0.280529 0.001 0 0
903 0.252952 0.0692891 0.5317 0.001 0 0
904 0.0164955 0.366941 0.205277 0.001 0 0
905 0.143608 0.635146 0.455352 0.001 0 0
906 0.745453 0.319017 0.0164595 0.001 0 0
907 0.614752 0.87943 0.737053 0.001 0 0
908 0.255947 0.161793 0.0866249 0.001 0 0
909 0.637675 0.930169 0.626221 0.001 0 0
910 0.117884 0.48434 0.94838 0.001 0 0
911 0.833676 0.434559 0.266774 0.001 0 0
912 0.964805 0.316534 0.314126 0.001 0 0
913 0.047243 0.516125 0.720294 0.001 0 0
914 0.530531 0.0195403 0.251286 0.001 0 0
915 0.345757 0.0972956 0.0578132 0.001 0 0
916 0.465755 0.825307 0.0435589 0.001 0 0
917 0.707238 0.624534 0.0163362 0.001 0 0
918 0.21579 0.229928 0.914431 0.001 0 0
919 0.688734 0.62235 0.28907 0.001 0 0
920 0.510557 0.50054 0.630065 0.001 0 0
921 0.592867 0.917396 0.152091 0.001 0 0
922 0.264732 0.0800281 0.0875459 0.001 0 0
923 0.895364 0.741127 0.956807 0.001 0 0
924 0.346132 0.17211 0.506172 0.001 0 0
925 0.0148568 0.362572 0.0404037 0.001 0 0
926 0.196726 0.975746 0.61238 0.001 0 0
927 0.718736 0.944885 0.486637 0.001 0 0
928 0.943193 0.0224918 0.805677 0.001 0 0
929 0.676096 0.86182 0.419216 0.001 0 0
930 0.427312 0.557285 0.922377 0.001 0 0
931 0.000494869 0.218975 0.675595 0.001 0 0
932 0.576997 0.156154 0.730164 0.001 0 0
933 0.326938 0.827751 0.527999 0.001 0 0
934 0.419742 0.24056 0.125442 0.001 0 0
935 0.680252 0.276542 0.573749 0.001 0 0
936 0.410829 0.758252 0.182527 0.001 0 0
937 0.567113 0.991869 0.0289704 0.001 0 0
938 0.271822 0.176703 0.977631 0.001 0 0
939 0.326165 0.484556 0.857217 0.001 0 0
940 0.355839 0.0699691 0.767245 0.001 0 0
941 0.477259 0.323098 0.861644 0.001 0 0
942 0.520663 0.535678 0.149734 0.001 0 0
943 0.651258 0.193592 0.119875 0.001 0 0
944 0.983647 0.676568 0.745669 0.001 0 0
945 0.702038 0.458067 0.530454 0.001 0 0
946 0.432728 0.53086 0.511799 0.001 0 0
947 0.183032 0.107311 0.321958 0.001 0 0
948 0.260273 0.865287 0.533891 0.001 0 0
949 0.603806 0.633411 0.538265 0.001 0 0
950 0.494353 0.703881 0.398128 0.001 0 0
951 0.207511 0.0247484 0.311951 0.001 0 0
952 0.928314 0.000144908 0.229014 0.001 0 0
953 0.683909 0.808781 0.796899 0.001 0 0
954 0.244878 0.218181 0.804326 0.001 0 0
955 0.763925 0.350316 0.526868 0.001 0 0
956 0.0198939 0.737343 0.164735 0.001 0 0
957 0.00600142 0.410907 0.0183357 0.001 0 0
958 0.380041 0.0172924 0.532215 0.001 0 0
959 0.338702 0.0602583 0.820633 0.001 0 0
960 0.53809 0.0749606 0.323968 0.001 0 0
961 0.12257 0.795436 0.73725 0.001 0 0
962 0.63915 0.0494956 0.604885 0.001 0 0
963 0.9507 0.685434 0.111047 0.001 0 0
964 0.559229 0.4833 0.171616 0.001 0 0
965 0.653135 0.821897 0.176996 0.001 0 0
966 0.0549651 0.109164 0.66541 0.001 0 0
967 0.59745 0.0387583 0.850355 0.001 0 0
968 0.754512 0.123857 0.0985499 0.001 0 0
969 0.0436788 0.688423 0.558527 0.001 0 0
970 0.544608 0.505865 0.966544 0.001 0 0
971 0.988854 0.448168 0.348228 0.001 0 0
972 0.0248712 0.845563 0.479444 0.001 0 0
973 0.0753157 0.614845 0.815392 0.001 0 0
974 0.693073 0.815789 0.856972 0.001 0 0
975 0.926188 0.915196 0.93019 0.001 0 0
976 0.974133 0.949912 0.880506 0.001 0 0
977 0.113953 0.205414 0.240874 0.001 0 0
978 0.589508 0.997063 0.100786 0.001 0 0
979 0.667965 0.746295 0.395701 0.001 0 0
980 0.707063 0.219128 0.73275 0.001 0 0
981 0.0242079 0.972183 0.341427 0.001 0 0
982 0.277101 0.202252 0.125224 0.001 0 0
983 0.97621 0.380148 0.397019 0.001 0 0
984 0.130971 0.197717 0.561634 0.001 0 0
985 0.428082 0.271088 0.796949 0.001 0 0
986 0.464667 0.562555 0.78954 0.001 0 0
987 0.323929 0.807775 0.652279 0.001 0 0
988 0.371655 0.721143 0.795269 0.001 0 0
989 0.651234 0.0213351 0.301741 0.001 0 0
990 0.518433 0.985072 0.927985 0.001 0 0
991 0.912055 0.370225 0.893443 0.001 0 0
992 0.682232 0.324451 0.887103 0.001 0 0
993 0.641644 0.788216 0.386371 0.001 0 0
994 0.861147 0.306832 0.206968 0.001 0 0
995 0.0418153 0.348495 0.474873 0.001 0 0
996 0.983965 0.0596294 0.231379 0.001 0 0
997 0.925504 0.11735 0.803712 0.001 0 0
998 0.0134039 0.507211 0.512695 0.001 0 0
999 0.276422 0.377668 0.70388 0.001 0 0