char Headline[35] "init_xrandom: seed used 1265666897"
char History[40] "mkplummer nbody=10 out=p10 VERSION=2.8b"
set SnapShot
  set Parameters
    int Nobj 10
    double Time 0.00000
  tes
  set Particles
    int CoordSystem 66306
    double Mass[10] 0.100000 0.100000 0.100000 0.100000 0.100000
      0.100000 0.100000 0.100000 0.100000 0.100000
    double PhaseSpace[10][2][3] 0.593713 -0.513343 0.0542474 0.338160
      -0.114324 0.224719 0.356616 0.237047 0.0894656 0.753265 0.317863
      -0.335941 -0.837737 -0.667535 0.259613 -0.161434 -0.270162
      0.257891 0.0289066 -0.109876 -0.339256 0.0962242 -0.460736
      -0.231278 0.161430 -0.0428866 0.393636 0.0241169 0.633789
      -0.629383 -1.06422 0.833654 0.373729 -0.0870621 0.312911
      0.363827 0.615174 -0.344224 0.424623 -0.371502 -0.278410
      -0.0832040 -1.52587 0.958736 -1.35401 -0.162923 -0.279057
      0.235460 0.990711 -0.413283 0.525844 -0.393363 0.193844
      -0.146277 0.681278 0.0617090 -0.427890 -0.0354829 -0.0557174
      0.344187
  tes
tes
