   24.222980      1.27668029E+10
   24.222980      1.27668029E+10
   24.222979      1.17197773E+10
   24.222979      1.17197773E+10
   24.222979      1.17197773E+10
   24.222979      1.17197773E+10
   24.222977      1.05381734E+10
   24.222977      1.05381734E+10
   24.222977      1.05381734E+10
   24.222975      9.46845491E+09
   24.222975      9.46845491E+09
   24.222975      9.46845491E+09
   24.222973      9.10997914E+09
   24.222973      9.10997914E+09
   24.222973      9.10997914E+09
   24.222971      7.88606413E+09
   24.222971      7.88606413E+09
   24.222971      7.88606413E+09
   24.222971      7.88606413E+09
   24.222969      7.61080269E+09
   24.222969      7.61080269E+09
   24.222969      7.61080269E+09
   24.222967      7.10296627E+09
   24.222967      7.10296627E+09
   24.222967      7.10296627E+09
   24.222965      6.11111885E+09
   24.222965      6.11111885E+09
   24.222965      6.11111885E+09
   24.222963      5.84017357E+09
   24.222963      5.84017357E+09
   24.222963      5.84017357E+09
   24.222961      5.26710733E+09
   24.222961      5.26710733E+09
   24.222960      5.17695181E+09
   24.222960      5.17695181E+09
   24.222960      5.17695181E+09
   24.222958      4.50999552E+09
   24.222958      4.50999552E+09
   24.222958      4.50999552E+09
   24.222956      4.26306150E+09
   24.222956      4.26306150E+09
   24.222956      4.26306150E+09
   24.222954      3.97360154E+09
   24.222954      3.97360154E+09
   24.222952      3.76126336E+09
   24.222952      3.76126336E+09
   24.222952      3.76126336E+09
   24.222950      3.41527757E+09
   24.222950      3.41527757E+09
   24.222950      3.41527757E+09
   24.222948      3.11654400E+09
   24.222948      3.11654400E+09
   24.222946      3.06202138E+09
   24.222946      3.06202138E+09
   24.222946      3.06202138E+09
   24.222944      2.67420083E+09
   24.222944      2.67420083E+09
   24.222942      2.71900698E+09
   24.222942      2.71900698E+09
   24.222942      2.71900698E+09
   24.222940      2.49698790E+09
   24.222940      2.49698790E+09
   24.222939      2.26619904E+09
   24.222939      2.26619904E+09
   24.222937      2.08721139E+09
   24.222937      2.08721139E+09
   24.222937      2.08721139E+09
   24.222935      2.02479002E+09
   24.222935      2.02479002E+09
   24.222933      1.95175283E+09
   24.222933      1.95175283E+09
   24.222931      1.74966643E+09
   24.222931      1.74966643E+09
   24.222929      1.64017613E+09
   24.222929      1.64017613E+09
   24.222929      1.64017613E+09
   24.222927      1.61709606E+09
   24.222927      1.61709606E+09
   24.222925      1.52580288E+09
   24.222925      1.52580288E+09
   24.222923      1.39140749E+09
   24.222923      1.39140749E+09
   24.222921      1.30865318E+09
   24.222921      1.30865318E+09
   24.222919      1.29665024E+09
   24.222919      1.29665024E+09
   24.222918      1.15134285E+09
   24.222918      1.15134285E+09
   24.222916      1.15018752E+09
   24.222916      1.15018752E+09
   24.222914      1.10646528E+09
   24.222914      1.10646528E+09
   24.222912      9.58261120E+08
   24.222912      9.58261120E+08
   24.222910      9.36065792E+08
   24.222910      9.36065792E+08
   24.222908      8.88307072E+08
   24.222908      8.88307072E+08
   24.222906      8.84923648E+08
   24.222906      8.84923648E+08
   24.222904      8.12049728E+08
   24.222904      8.12049728E+08
   24.222902      7.61368704E+08
   24.222902      7.61368704E+08
   24.222900      7.23096704E+08
   24.222898      7.14506240E+08
   24.222898      7.14506240E+08
   24.222897      6.79374912E+08
   24.222897      6.79374912E+08
   24.222895      5.92626304E+08
   24.222895      5.92626304E+08
   24.222893      6.07967552E+08
   24.222893      6.07967552E+08
   24.222891      5.56588672E+08
   24.222889      5.62566144E+08
   24.222889      5.62566144E+08
   24.222887      5.39349120E+08
   24.222887      5.39349120E+08
   24.222885      4.92771808E+08
   24.222883      4.72164704E+08
   24.222883      4.72164704E+08
   24.222881      4.39384864E+08
   24.222881      4.39384864E+08
   24.222879      4.47382144E+08
   24.222878      4.22315456E+08
   24.222878      4.22315456E+08
   24.222876      3.90264448E+08
   24.222874      3.89677952E+08
   24.222874      3.89677952E+08
   24.222872      3.77697376E+08
   24.222872      3.77697376E+08
   24.222870      3.52225376E+08
   24.222868      3.34143776E+08
   24.222868      3.34143776E+08
   24.222866      3.28247008E+08
   24.222864      3.06110688E+08
   24.222864      3.06110688E+08
   24.222862      3.12705440E+08
   24.222860      2.94292128E+08
   24.222860      2.94292128E+08
   24.222858      2.73926720E+08
   24.222857      2.49299136E+08
   24.222855      2.56718144E+08
   24.222855      2.56718144E+08
   24.222853      2.53937296E+08
   24.222851      2.38485488E+08
   24.222851      2.38485488E+08
   24.222849      2.25280176E+08
   24.222847      2.08593920E+08
   24.222847      2.08593920E+08
   24.222845      2.11265536E+08
   24.222843      2.03020528E+08
   24.222841      1.96326272E+08
   24.222841      1.96326272E+08
   24.222839      1.91498176E+08
   24.222837      1.75562848E+08
   24.222836      1.75308080E+08
   24.222836      1.75308080E+08
   24.222834      1.74763088E+08
   24.222832      1.64789248E+08
   24.222830      1.50893104E+08
   24.222828      1.49675232E+08
   24.222828      1.49675232E+08
   24.222826      1.50706288E+08
   24.222824      1.44789152E+08
   24.222822      1.37529168E+08
   24.222820      1.35678320E+08
   24.222820      1.35678320E+08
   24.222818      1.28431952E+08
   24.222816      1.19770040E+08
   24.222815      1.14880288E+08
   24.222813      1.17677704E+08
   24.222813      1.17677704E+08
   24.222811      1.11195784E+08
   24.222809      1.10231656E+08
   24.222807      1.10265184E+08
   24.222805      1.01825824E+08
   24.222803       99256976.    
   24.222801       95030720.    
   24.222801       95030720.    
   24.222799       92961368.    
   24.222797       91884232.    
   24.222795       88997080.    
   24.222794       82723064.    
   24.222792       80332480.    
   24.222790       80858656.    
   24.222788       76335880.    
   24.222786       73416056.    
   24.222784       70207744.    
   24.222784       70207744.    
   24.222782       70904688.    
   24.222780       70534984.    
   24.222778       68043232.    
   24.222776       63691448.    
   24.222775       63110160.    
   24.222773       61712376.    
   24.222771       60272860.    
   24.222769       58042464.    
   24.222767       57424928.    
   24.222765       55446740.    
   24.222763       53344852.    
   24.222761       51884844.    
   24.222759       49523116.    
   24.222757       47713652.    
   24.222755       48428392.    
   24.222754       46641876.    
   24.222752       45188732.    
   24.222750       45072964.    
   24.222748       42808300.    
   24.222746       42042160.    
   24.222744       41103456.    
   24.222742       40340480.    
   24.222738       37651180.    
   24.222736       35046968.    
   24.222734       33956584.    
   24.222733       35255952.    
   24.222731       34580784.    
   24.222729       33654888.    
   24.222727       33045090.    
   24.222725       32008290.    
   24.222723       30444728.    
   24.222719       29954844.    
   24.222717       28331346.    
   24.222715       27239528.    
   24.222713       26812938.    
   24.222712       27145630.    
   24.222710       25996708.    
   24.222708       25197692.    
   24.222704       24861994.    
   24.222702       24050364.    
   24.222700       23079976.    
   24.222698       21909894.    
   24.222696       21144038.    
   24.222692       21778030.    
   24.222691       21239218.    
   24.222689       20285142.    
   24.222687       19816616.    
   24.222683       18456498.    
   24.222681       17763728.    
   24.222679       17683800.    
   24.222677       17919586.    
   24.222673       17410382.    
   24.222672       16537465.    
   24.222670       15897730.    
   24.222666       15351801.    
   24.222664       15452139.    
   24.222662       15006095.    
   24.222658       14629036.    
   24.222656       13926642.    
   24.222654       13369085.    
   24.222651       13270916.    
   24.222649       13250871.    
   24.222647       12970891.    
   24.222643       11745079.    
   24.222641       11553875.    
   24.222637       11619080.    
   24.222635       11130839.    
   24.222633       10787614.    
   24.222630       10741001.    
   24.222628       10514263.    
   24.222624       9879521.0    
   24.222622       9788340.0    
   24.222618       9427947.0    
   24.222616       9083437.0    
   24.222612       9129165.0    
   24.222610       8810426.0    
   24.222607       8374684.5    
   24.222605       8344139.0    
   24.222601       8016725.5    
   24.222599       7959740.0    
   24.222595       7506951.0    
   24.222593       7512031.5    
   24.222589       7113116.5    
   24.222588       7096418.5    
   24.222584       6880244.5    
   24.222580       6575687.5    
   24.222578       6511388.0    
   24.222574       6377886.0    
   24.222572       6188436.5    
   24.222569       5962194.0    
   24.222565       5764804.5    
   24.222563       5689576.5    
   24.222559       5551697.5    
   24.222555       5337732.5    
   24.222553       5275137.0    
   24.222549       5164257.0    
   24.222546       4959164.0    
   24.222544       4877371.5    
   24.222540       4760339.0    
   24.222536       4561426.0    
   24.222532       4415571.5    
   24.222530       4383660.5    
   24.222527       4264333.0    
   24.222523       4109397.3    
   24.222519       3984123.8    
   24.222515       3876218.8    
   24.222513       3829748.5    
   24.222509       3709371.8    
   24.222506       3570080.8    
   24.222502       3486320.5    
   24.222498       3386993.0    
   24.222494       3288257.5    
   24.222492       3226229.3    
   24.222488       3112035.8    
   24.222485       3033823.0    
   24.222481       2951900.3    
   24.222477       2877921.8    
   24.222473       2783618.5    
   24.222469       2704671.8    
   24.222466       2633055.8    
   24.222462       2558618.0    
   24.222458       2502895.3    
   24.222454       2427556.3    
   24.222450       2356991.8    
   24.222446       2274830.8    
   24.222443       2207544.5    
   24.222439       2175134.5    
   24.222435       2116732.5    
   24.222431       2045684.0    
   24.222427       1985060.8    
   24.222424       1932607.5    
   24.222420       1906403.8    
   24.222414       1816651.0    
   24.222410       1782715.9    
   24.222406       1729118.8    
   24.222403       1686852.4    
   24.222399       1654586.3    
   24.222395       1613241.8    
   24.222389       1534151.5    
   24.222385       1503863.4    
   24.222382       1471509.3    
   24.222378       1430001.8    
   24.222372       1375039.0    
   24.222368       1348574.4    
   24.222364       1313455.4    
   24.222359       1275280.3    
   24.222355       1238983.8    
   24.222351       1206641.9    
   24.222345       1156456.6    
   24.222342       1126248.1    
   24.222338       1103403.5    
   24.222332       1074498.1    
   24.222328       1054399.6    
   24.222322       1011139.4    
   24.222319       988533.19    
   24.222315       971228.56    
   24.222309       932694.25    
   24.222305       915830.06    
   24.222300       879047.00    
   24.222296       859859.44    
   24.222290       841958.88    
   24.222284       815003.06    
   24.222281       794526.44    
   24.222275       764894.81    
   24.222271       742678.56    
   24.222265       721151.00    
   24.222260       702734.69    
   24.222256       689840.88    
   24.222250       673029.88    
   24.222244       650336.13    
   24.222240       633352.25    
   24.222235       617745.00    
   24.222229       600233.00    
   24.222225       587670.56    
   24.222219       571176.88    
   24.222214       550701.44    
   24.222208       537903.88    
   24.222202       517474.25    
   24.222198       505343.63    
   24.222193       492832.78    
   24.222187       481886.97    
   24.222181       468473.78    
   24.222176       455674.66    
   24.222170       443162.84    
   24.222164       429963.72    
   24.222158       418500.34    
   24.222153       405351.84    
   24.222147       394940.91    
   24.222141       382196.50    
   24.222136       370496.19    
   24.222130       363669.81    
   24.222124       353950.81    
   24.222118       343744.84    
   24.222113       336771.97    
   24.222107       327600.44    
   24.222101       318746.00    
   24.222094       307305.81    
   24.222088       296840.72    
   24.222082       289491.47    
   24.222076       284148.84    
   24.222069       274133.28    
   24.222063       267313.59    
   24.222057       259663.27    
   24.222052       252866.42    
   24.222044       245400.64    
   24.222038       236960.09    
   24.222031       230712.08    
   24.222025       226533.02    
   24.222019       221278.09    
   24.222012       214372.17    
   24.222006       209314.23    
   24.221998       200563.86    
   24.221992       195338.39    
   24.221985       191576.30    
   24.221979       187480.19    
   24.221972       180822.58    
   24.221964       174381.67    
   24.221958       168958.13    
   24.221951       165449.97    
   24.221945       162159.53    
   24.221937       157226.80    
   24.221930       152391.03    
   24.221922       147077.61    
   24.221916       145185.67    
   24.221909       141105.31    
   24.221901       136535.30    
   24.221893       130351.65    
   24.221886       128509.17    
   24.221880       126663.88    
   24.221872       122103.57    
   24.221865       117898.64    
   24.221857       115909.62    
   24.221849       112128.13    
   24.221842       108458.77    
   24.221834       106718.82    
   24.221827       102777.68    
   24.221819       100265.48    
   24.221811       98113.484    
   24.221802       94589.891    
   24.221794       92124.336    
   24.221786       89422.680    
   24.221779       86930.789    
   24.221771       84662.281    
   24.221762       81250.844    
   24.221754       79514.828    
   24.221746       77691.344    
   24.221737       75585.203    
   24.221729       73613.758    
   24.221722       71714.938    
   24.221712       69145.172    
   24.221704       67295.711    
   24.221695       65660.570    
   24.221687       64042.422    
   24.221678       61918.082    
   24.221670       60676.078    
   24.221661       58695.992    
   24.221653       57422.895    
   24.221643       55671.035    
   24.221634       54123.961    
   24.221626       52859.469    
   24.221617       50955.965    
   24.221607       49773.969    
   24.221598       48528.887    
   24.221588       47056.980    
   24.221581       45698.766    
   24.221571       44433.559    
   24.221561       43258.492    
   24.221552       41843.008    
   24.221542       40911.602    
   24.221533       39982.055    
   24.221523       38610.496    
   24.221514       37543.953    
   24.221504       36756.496    
   24.221495       35522.895    
   24.221483       34559.770    
   24.221474       33594.754    
   24.221464       32697.350    
   24.221455       31843.057    
   24.221443       30801.613    
   24.221434       30003.688    
   24.221424       29246.318    
   24.221413       28247.730    
   24.221403       27487.006    
   24.221392       26765.270    
   24.221382       26131.076    
   24.221371       25295.537    
   24.221361       24671.256    
   24.221350       24038.008    
   24.221340       23395.461    
   24.221329       22663.160    
   24.221317       21967.609    
   24.221308       21276.955    
   24.221296       20884.779    
   24.221285       20400.545    
   24.221273       19778.328    
   24.221262       19199.725    
   24.221251       18673.572    
   24.221239       18084.668    
   24.221228       17453.781    
   24.221216       16976.115    
   24.221205       16631.225    
   24.221193       16199.540    
   24.221182       15814.571    
   24.221170       15385.282    
   24.221159       14942.740    
   24.221146       14425.163    
   24.221134       14119.712    
   24.221123       13778.084    
   24.221109       13342.240    
   24.221098       12919.476    
   24.221085       12562.812    
   24.221073       12287.938    
   24.221060       11955.844    
   24.221048       11655.967    
   24.221035       11322.962    
   24.221022       10950.873    
   24.221010       10623.922    
   24.220997       10352.491    
   24.220984       10069.586    
   24.220970       9787.5840    
   24.220957       9534.5801    
   24.220945       9317.4102    
   24.220932       9025.8496    
   24.220919       8746.4688    
   24.220905       8516.2930    
   24.220890       8236.7813    
   24.220877       8004.0171    
   24.220863       7831.6860    
   24.220850       7652.7012    
   24.220837       7416.4048    
   24.220821       7224.3403    
   24.220808       7001.6797    
   24.220793       6770.8599    
   24.220779       6644.4756    
   24.220766       6484.9858    
   24.220751       6265.3481    
   24.220736       6103.8091    
   24.220722       5926.7646    
   24.220707       5755.2144    
   24.220692       5600.9326    
   24.220676       5460.7158    
   24.220663       5304.8545    
   24.220648       5151.8364    
   24.220633       5002.4746    
   24.220617       4838.0293    
   24.220602       4725.2305    
   24.220587       4607.1318    
   24.220572       4504.4199    
   24.220554       4361.3916    
   24.220539       4239.0444    
   24.220524       4137.7139    
   24.220507       4017.6484    
   24.220491       3896.4768    
   24.220476       3805.0225    
   24.220459       3696.8770    
   24.220444       3595.7422    
   24.220427       3506.0911    
   24.220409       3396.0435    
   24.220394       3314.7366    
   24.220377       3196.7852    
   24.220360       3090.3987    
   24.220343       3018.6313    
   24.220325       2961.1099    
   24.220308       2880.5894    
   24.220291       2798.9578    
   24.220274       2714.2971    
   24.220257       2645.1152    
   24.220240       2579.2773    
   24.220221       2505.8435    
   24.220203       2437.6277    
   24.220186       2373.7666    
   24.220167       2300.9521    
   24.220150       2227.5906    
   24.220131       2143.8472    
   24.220112       2106.0293    
   24.220095       2066.7971    
   24.220076       2003.5503    
   24.220057       1950.0366    
   24.220037       1896.9672    
   24.220018       1842.7374    
   24.219999       1789.7502    
   24.219980       1742.5419    
   24.219961       1697.1848    
   24.219942       1633.0822    
   24.219923       1583.1445    
   24.219902       1555.5968    
   24.219883       1517.1005    
   24.219864       1477.7491    
   24.219843       1435.8539    
   24.219824       1398.1880    
   24.219803       1356.3425    
   24.219782       1318.8966    
   24.219761       1264.5693    
   24.219742       1233.8942    
   24.219721       1214.5647    
   24.219700       1181.9042    
   24.219679       1149.2539    
   24.219656       1115.6783    
   24.219635       1085.6777    
   24.219614       1050.1289    
   24.219593       1010.1038    
   24.219570       993.48694    
   24.219549       972.07959    
   24.219526       943.67096    
   24.219505       919.43848    
   24.219482       895.16003    
   24.219460       856.81244    
   24.219437       838.18427    
   24.219414       822.35846    
   24.219391       800.71606    
   24.219368       777.84381    
   24.219345       750.07269    
   24.219322       726.13293    
   24.219299       717.25098    
   24.219275       696.93066    
   24.219252       679.01123    
   24.219227       650.25256    
   24.219204       635.15173    
   24.219179       624.17200    
   24.219154       606.91565    
   24.219131       585.36444    
   24.219107       569.89716    
   24.219082       559.51251    
   24.219057       543.53204    
   24.219030       521.39948    
   24.219006       514.40240    
   24.218981       498.87805    
   24.218956       481.23312    
   24.218929       473.80264    
   24.218903       457.69119    
   24.218878       444.71021    
   24.218851       435.48694    
   24.218824       420.71295    
   24.218798       412.28784    
   24.218771       397.84518    
   24.218744       389.86584    
   24.218718       378.49664    
   24.218691       368.82047    
   24.218662       358.14093    
   24.218636       348.98349    
   24.218607       339.64941    
   24.218580       330.40976    
   24.218552       321.44595    
   24.218523       313.07361    
   24.218494       304.18210    
   24.218466       296.51807    
   24.218437       289.03870    
   24.218409       281.30832    
   24.218380       274.35571    
   24.218349       267.36655    
   24.218321       260.46890    
   24.218290       253.24113    
   24.218262       246.83824    
   24.218231       240.34373    
   24.218201       233.66771    
   24.218170       227.49577    
   24.218140       221.70711    
   24.218109       215.82019    
   24.218079       209.96408    
   24.218046       204.31569    
   24.218016       199.05740    
   24.217983       193.78781    
   24.217953       188.91634    
   24.217920       183.80984    
   24.217888       178.54202    
   24.217855       174.13420    
   24.217823       169.88359    
   24.217791       165.49719    
   24.217756       161.05765    
   24.217724       157.01376    
   24.217690       152.73843    
   24.217657       148.77122    
   24.217623       144.76134    
   24.217588       141.12753    
   24.217554       137.34537    
   24.217520       133.85803    
   24.217485       130.63470    
   24.217451       127.27468    
   24.217415       123.63221    
   24.217381       120.67056    
   24.217344       117.70583    
   24.217308       114.65772    
   24.217272       111.62498    
   24.217236       108.78912    
   24.217199       105.95717    
   24.217163       103.44573    
   24.217125       100.78966    
   24.217089       98.348129    
   24.217051       95.763077    
   24.217014       93.483505    
   24.216976       91.158508    
   24.216938       88.720016    
   24.216900       86.392097    
   24.216860       84.327751    
   24.216822       82.439293    
   24.216784       80.409790    
   24.216743       78.318298    
   24.216703       76.432907    
   24.216663       74.520561    
   24.216623       72.637863    
   24.216583       70.947388    
   24.216543       69.363564    
   24.216503       67.646927    
   24.216461       65.988564    
   24.216419       64.278648    
   24.216379       62.872139    
   24.216337       61.390255    
   24.216295       59.944061    
   24.216251       58.472366    
   24.216209       57.130840    
   24.216167       55.816929    
   24.216124       54.426647    
   24.216080       53.133663    
   24.216036       51.905251    
   24.215992       50.747246    
   24.215948       49.579834    
   24.215904       48.469334    
   24.215858       47.372406    
   24.215813       46.297050    
   24.215769       45.252560    
   24.215723       44.244179    
   24.215677       43.266075    
   24.215630       42.253391    
   24.215584       41.372696    
   24.215536       40.461926    
   24.215490       39.576946    
   24.215443       38.700760    
   24.215395       37.839764    
   24.215347       36.959969    
   24.215298       36.192356    
   24.215250       35.475742    
   24.215200       34.724030    
   24.215151       33.976013    
   24.215101       33.257515    
   24.215052       32.547443    
   24.215002       31.894508    
   24.214952       31.274565    
   24.214901       30.638323    
   24.214849       30.013805    
   24.214798       29.379513    
   24.214746       28.772215    
   24.214695       28.165489    
   24.214642       27.631012    
   24.214590       27.144314    
   24.214537       26.616772    
   24.214483       26.115202    
   24.214430       25.613539    
   24.214375       25.087152    
   24.214321       24.643940    
   24.214266       24.177361    
   24.214211       23.705435    
   24.214155       23.255747    
   24.214100       22.808426    
   24.214045       22.417162    
   24.213987       22.043354    
   24.213930       21.648365    
   24.213873       21.256020    
   24.213816       20.893415    
   24.213758       20.527573    
   24.213699       20.170210    
   24.213642       19.833435    
   24.213583       19.475052    
   24.213524       19.150600    
   24.213463       18.844126    
   24.213404       18.544285    
   24.213343       18.239307    
   24.213282       17.938866    
   24.213221       17.658846    
   24.213160       17.376461    
   24.213097       17.072378    
   24.213036       16.842190    
   24.212973       16.583042    
   24.212910       16.324894    
   24.212845       16.079695    
   24.212782       15.853534    
   24.212717       15.600166    
   24.212652       15.375714    
   24.212587       15.162693    
   24.212521       14.950681    
   24.212456       14.746678    
   24.212389       14.529114    
   24.212322       14.305882    
   24.212255       14.134712    
   24.212187       13.951071    
   24.212120       13.767710    
   24.212051       13.576506    
   24.211983       13.393225    
   24.211912       13.235899    
   24.211843       13.065219    
   24.211773       12.896096    
   24.211702       12.721017    
   24.211632       12.584746    
   24.211559       12.432272    
   24.211487       12.270446    
   24.211414       12.125726    
   24.211342       11.996369    
   24.211269       11.852471    
   24.211195       11.715427    
   24.211121       11.586628    
   24.211046       11.450649    
   24.210970       11.327175    
   24.210896       11.202435    
   24.210819       11.077740    
   24.210743       10.965235    
   24.210665       10.849868    
   24.210587       10.737201    
   24.210510       10.630417    
   24.210430       10.518454    
   24.210352       10.416971    
   24.210272       10.311399    
   24.210192       10.210442    
   24.210112       10.112465    
   24.210032       10.015110    
   24.209949       9.9180288    
   24.209867       9.8279867    
   24.209784       9.7382593    
   24.209702       9.6503382    
   24.209618       9.5622816    
   24.209534       9.4786263    
   24.209450       9.3970499    
   24.209364       9.3141594    
   24.209278       9.2328854    
   24.209192       9.1523714    
   24.209105       9.0735664    
   24.209017       8.9996901    
   24.208929       8.9268818    
   24.208841       8.8552265    
   24.208752       8.7831898    
   24.208662       8.7128325    
   24.208572       8.6420002    
   24.208483       8.5716991    
   24.208391       8.5066433    
   24.208300       8.4437971    
   24.208206       8.3791275    
   24.208113       8.3159380    
   24.208019       8.2532177    
   24.207926       8.1921558    
   24.207830       8.1317987    
   24.207735       8.0723448    
   24.207640       8.0127258    
   24.207542       7.9543967    
   24.207447       7.9004822    
   24.207348       7.8433475    
   24.207251       7.7896881    
   24.207151       7.7344632    
   24.207052       7.6813064    
   24.206951       7.6308942    
   24.206850       7.5803266    
   24.206749       7.5295711    
   24.206648       7.4795513    
   24.206545       7.4292021    
   24.206442       7.3799515    
   24.206337       7.3298111    
   24.206232       7.2797823    
   24.206127       7.2334576    
   24.206020       7.1869340    
   24.205914       7.1387873    
   24.205807       7.0936537    
   24.205700       7.0508876    
   24.205591       7.0059285    
   24.205481       6.9604340    
   24.205372       6.9161453    
   24.205261       6.8717489    
   24.205149       6.8271523    
   24.205036       6.7817235    
   24.204924       6.7391300    
   24.204811       6.6960945    
   24.204697       6.6540036    
   24.204582       6.6121640    
   24.204466       6.5693512    
   24.204350       6.5284405    
   24.204233       6.4874496    
   24.204115       6.4454241    
   24.203997       6.4033322    
   24.203876       6.3612990    
   24.203756       6.3216195    
   24.203636       6.2821298    
   24.203514       6.2418470    
   24.203392       6.2016678    
   24.203268       6.1619139    
   24.203144       6.1218333    
   24.203020       6.0805335    
   24.202894       6.0432496    
   24.202768       6.0055847    
   24.202642       5.9682555    
   24.202515       5.9306316    
   24.202385       5.8925271    
   24.202255       5.8539634    
   24.202126       5.8173995    
   24.201994       5.7815995    
   24.201862       5.7453070    
   24.201731       5.7094016    
   24.201597       5.6722856    
   24.201462       5.6363049    
   24.201328       5.6016812    
   24.201191       5.5662899    
   24.201056       5.5307426    
   24.200916       5.4953632    
   24.200779       5.4603748    
   24.200640       5.4261880    
   24.200499       5.3917365    
   24.200357       5.3579969    
   24.200216       5.3242941    
   24.200073       5.2901587    
   24.199928       5.2566624    
   24.199783       5.2233067    
   24.199638       5.1894979    
   24.199492       5.1569400    
   24.199345       5.1245351    
   24.199196       5.0913644    
   24.199047       5.0597162    
   24.198896       5.0275397    
   24.198746       4.9957376    
   24.198593       4.9645696    
   24.198441       4.9333515    
   24.198286       4.9019971    
   24.198130       4.8710752    
   24.197975       4.8406186    
   24.197817       4.8097825    
   24.197660       4.7798071    
   24.197500       4.7491822    
   24.197340       4.7188573    
   24.197180       4.6890655    
   24.197018       4.6594992    
   24.196856       4.6305976    
   24.196692       4.6016955    
   24.196526       4.5725060    
   24.196360       4.5438504    
   24.196194       4.5153570    
   24.196024       4.4866843    
   24.195856       4.4586325    
   24.195684       4.4302158    
   24.195515       4.4023833    
   24.195341       4.3739262    
   24.195168       4.3461628    
   24.194994       4.3191323    
   24.194818       4.2923193    
   24.194641       4.2651782    
   24.194464       4.2384458    
   24.194284       4.2117643    
   24.194105       4.1852193    
   24.193924       4.1587768    
   24.193741       4.1325412    
   24.193558       4.1065474    
   24.193373       4.0802679    
   24.193188       4.0545216    
   24.193001       4.0291004    
   24.192812       4.0032082    
   24.192623       3.9774899    
   24.192432       3.9519882    
   24.192242       3.9268596    
   24.192047       3.9022806    
   24.191854       3.8785546    
   24.191658       3.8544569    
   24.191462       3.8302999    
   24.191265       3.8060730    
   24.191065       3.7818904    
   24.190865       3.7582791    
   24.190664       3.7348871    
   24.190462       3.7114642    
   24.190258       3.6880360    
   24.190052       3.6645758    
   24.189846       3.6415100    
   24.189638       3.6187499    
   24.189428       3.5957713    
   24.189219       3.5729425    
   24.189007       3.5504305    
   24.188793       3.5277591    
   24.188580       3.5052643    
   24.188364       3.4831057    
   24.188147       3.4611564    
   24.187927       3.4393506    
   24.187708       3.4178951    
   24.187487       3.3967659    
   24.187263       3.3755729    
   24.187040       3.3542092    
   24.186815       3.3328860    
   24.186588       3.3120575    
   24.186359       3.2913437    
   24.186131       3.2707093    
   24.185900       3.2501287    
   24.185667       3.2294698    
   24.185432       3.2090349    
   24.185198       3.1888049    
   24.184959       3.1685152    
   24.184721       3.1484382    
   24.184483       3.1288493    
   24.184240       3.1090829    
   24.183998       3.0893495    
   24.183754       3.0698571    
   24.183508       3.0504670    
   24.183260       3.0308964    
   24.183010       3.0113454    
   24.182760       2.9925060    
   24.182508       2.9740565    
   24.182255       2.9558976    
   24.181999       2.9370885    
   24.181742       2.9184074    
   24.181484       2.9001365    
   24.181223       2.8816524    
   24.180962       2.8633907    
   24.180698       2.8455994    
   24.180433       2.8278155    
   24.180166       2.8100021    
   24.179899       2.7923245    
   24.179628       2.7745779    
   24.179356       2.7568123    
   24.179083       2.7394354    
   24.178808       2.7221813    
   24.178532       2.7051432    
   24.178253       2.6880252    
   24.177973       2.6708939    
   24.177691       2.6540663    
   24.177406       2.6372283    
   24.177120       2.6206257    
   24.176832       2.6040812    
   24.176544       2.5878677    
   24.176252       2.5716314    
   24.175961       2.5553682    
   24.175665       2.5388379    
   24.175369       2.5226183    
   24.175070       2.5059564    
   24.174770       2.4897482    
   24.174467       2.4745078    
   24.174164       2.4596732    
   24.173859       2.4445579    
   24.173550       2.4290385    
   24.173241       2.4136407    
   24.172928       2.3983755    
   24.172615       2.3831570    
   24.172300       2.3682210    
   24.171982       2.3531749    
   24.171663       2.3381734    
   24.171341       2.3233976    
   24.171017       2.3087175    
   24.170692       2.2940700    
   24.170364       2.2797024    
   24.170034       2.2653377    
   24.169703       2.2510085    
   24.169369       2.2366750    
   24.169033       2.2224445    
   24.168695       2.2083890    
   24.168354       2.1942520    
   24.168013       2.1801007    
   24.167667       2.1657345    
   24.167322       2.1518960    
   24.166973       2.1386695    
   24.166622       2.1253188    
   24.166269       2.1120946    
   24.165913       2.0989368    
   24.165556       2.0857360    
   24.165195       2.0726151    
   24.164835       2.0596385    
   24.164471       2.0465853    
   24.164103       2.0335250    
   24.163734       2.0203443    
   24.163363       2.0072401    
   24.162991       1.9945987    
   24.162615       1.9823022    
   24.162235       1.9698311    
   24.161856       1.9571579    
   24.161472       1.9444381    
   24.161087       1.9317758    
   24.160700       1.9199040    
   24.160309       1.9082140    
   24.159916       1.8961796    
   24.159521       1.8841280    
   24.159124       1.8721843    
   24.158724       1.8603255    
   24.158321       1.8484465    
   24.157917       1.8366343    
   24.157509       1.8250390    
   24.157099       1.8135079    
   24.156687       1.8020544    
   24.156271       1.7906027    
   24.155853       1.7791383    
   24.155434       1.7674729    
   24.155010       1.7563008    
   24.154583       1.7453645    
   24.154156       1.7343235    
   24.153725       1.7233129    
   24.153290       1.7119811    
   24.152855       1.7009100    
   24.152414       1.6903397    
   24.151974       1.6799165    
   24.151527       1.6692131    
   24.151081       1.6586090    
   24.150631       1.6479609    
   24.150177       1.6371604    
   24.149721       1.6270604    
   24.149263       1.6169014    
   24.148800       1.6065341    
   24.148336       1.5962869    
   24.147869       1.5861770    
   24.147398       1.5760416    
   24.146925       1.5659264    
   24.146448       1.5557989    
   24.145969       1.5455517    
   24.145487       1.5358353    
   24.145002       1.5264864    
   24.144514       1.5167934    
   24.144022       1.5068237    
   24.143528       1.4969683    
   24.143030       1.4877019    
   24.142529       1.4784288    
   24.142025       1.4687452    
   24.141518       1.4593211    
   24.141008       1.4503261    
   24.140495       1.4410877    
   24.139978       1.4318408    
   24.139460       1.4226815    
   24.138935       1.4135932    
   24.138409       1.4044093    
   24.137880       1.3954744    
   24.137346       1.3866984    
   24.136810       1.3778677    
   24.136271       1.3690310    
   24.135729       1.3600428    
   24.135181       1.3510038    
   24.134632       1.3426927    
   24.134079       1.3343045    
   24.133522       1.3257039    
   24.132961       1.3172009    
   24.132399       1.3087125    
   24.131832       1.3004675    
   24.131260       1.2922260    
   24.130686       1.2839566    
   24.130108       1.2755448    
   24.129526       1.2672061    
   24.128942       1.2590401    
   24.128353       1.2506069    
   24.127760       1.2424994    
   24.127165       1.2349350    
   24.126564       1.2272313    
   24.125961       1.2194424    
   24.125353       1.2117006    
   24.124743       1.2040232    
   24.124126       1.1961945    
   24.123508       1.1885811    
   24.122885       1.1809697    
   24.122259       1.1732405    
   24.121628       1.1655172    
   24.120993       1.1581099    
   24.120356       1.1508821    
   24.119713       1.1435001    
   24.119066       1.1361917    
   24.118416       1.1288700    
   24.117760       1.1215923    
   24.117102       1.1144023    
   24.116440       1.1071415    
   24.115772       1.0999174    
   24.115101       1.0930225    
   24.114426       1.0860342    
   24.113747       1.0790298    
   24.113062       1.0720799    
   24.112373       1.0651863    
   24.111681       1.0582941    
   24.110985       1.0512522    
   24.110283       1.0445741    
   24.109577       1.0380187    
   24.108868       1.0313222    
   24.108154       1.0246726    
   24.107435       1.0180779    
   24.106710       1.0113913    
   24.105984       1.0048420    
   24.105251      0.99849814    
   24.104513      0.99204123    
   24.103773      0.98563820    
   24.103025      0.97922111    
   24.102276      0.97277206    
   24.101521      0.96657288    
   24.100760      0.96039498    
   24.099995      0.95422769    
   24.099224      0.94798845    
   24.098450      0.94184029    
   24.097670      0.93582398    
   24.096886      0.92976880    
   24.096096      0.92370754    
   24.095303      0.91761065    
   24.094503      0.91156328    
   24.093699      0.90544128    
   24.092890      0.89952445    
   24.092075      0.89396209    
   24.091255      0.88832331    
   24.090431      0.88257885    
   24.089602      0.87690270    
   24.088766      0.87123150    
   24.087927      0.86557513    
   24.087080      0.85997677    
   24.086231      0.85431272    
   24.085375      0.84882164    
   24.084513      0.84331179    
   24.083647      0.83786553    
   24.082773      0.83239526    
   24.081896      0.82698959    
   24.081013      0.82161236    
   24.080124      0.81623405    
   24.079231      0.81092167    
   24.078331      0.80566335    
   24.077425      0.80042160    
   24.076515      0.79522896    
   24.075598      0.79003149    
   24.074675      0.78486443    
   24.073748      0.77974576    
   24.072813      0.77469569    
   24.071873      0.76964557    
   24.070927      0.76463586    
   24.069975      0.75965255    
   24.069017      0.75466985    
   24.068054      0.74976319    
   24.067085      0.74489206    
   24.066109      0.74002212    
   24.065126      0.73517543    
   24.064138      0.73019964    
   24.063145      0.72528082    
   24.062145      0.72051287    
   24.061138      0.71595711    
   24.060125      0.71143782    
   24.059105      0.70680171    
   24.058079      0.70215982    
   24.057047      0.69755280    
   24.056009      0.69299805    
   24.054964      0.68846273    
   24.053913      0.68394613    
   24.052855      0.67947125    
   24.051790      0.67501521    
   24.050718      0.67055732    
   24.049641      0.66616815    
   24.048555      0.66179019    
   24.047464      0.65745437    
   24.046366      0.65312731    
   24.045259      0.64883876    
   24.044147      0.64456570    
   24.043028      0.64032465    
   24.041903      0.63612121    
   24.040770      0.63193184    
   24.039629      0.62776214    
   24.038481      0.62362552    
   24.037327      0.61944485    
   24.036163      0.61519790    
   24.034996      0.61109769    
   24.033819      0.60722196    
   24.032635      0.60334033    
   24.031443      0.59935015    
   24.030245      0.59539551    
   24.029039      0.59147143    
   24.027824      0.58755594    
   24.026604      0.58366388    
   24.025375      0.57980400    
   24.024137      0.57597476    
   24.022894      0.57216799    
   24.021641      0.56837231    
   24.020382      0.56462079    
   24.019114      0.56087703    
   24.017838      0.55715162    
   24.016554      0.55345666    
   24.015263      0.54978305    
   24.013962      0.54613256    
   24.012653      0.54238027    
   24.011337      0.53863120    
   24.010014      0.53519076    
   24.008680      0.53177160    
   24.007339      0.52824020    
   24.005989      0.52472293    
   24.004631      0.52122700    
   24.003265      0.51775849    
   24.001890      0.51431006    
   24.000507      0.51088405    
   23.999115      0.50747079    
   23.997713      0.50407982    
   23.996304      0.50072467    
   23.994886      0.49739000    
   23.993458      0.49406716    
   23.992022      0.49072891    
   23.990576      0.48730940    
   23.989122      0.48406506    
   23.987659      0.48096579    
   23.986187      0.47777045    
   23.984705      0.47457379    
   23.983213      0.47139442    
   23.981712      0.46823394    
   23.980204      0.46509385    
   23.978683      0.46197554    
   23.977156      0.45887876    
   23.975616      0.45579287    
   23.974070      0.45273411    
   23.972511      0.44960976    
   23.970943      0.44647408    
   23.969368      0.44359636    
   23.967779      0.44067448    
   23.966183      0.43770656    
   23.964577      0.43476406    
   23.962959      0.43183583    
   23.961332      0.42892632    
   23.959694      0.42603126    
   23.958048      0.42315754    
   23.956390      0.42027530    
   23.954721      0.41732082    
   23.953043      0.41454947    
   23.951353      0.41183239    
   23.949654      0.40904823    
   23.947943      0.40627542    
   23.946222      0.40352231    
   23.944490      0.40078974    
   23.942747      0.39807323    
   23.940994      0.39532200    
   23.939230      0.39256528    
   23.937454      0.38999918    
   23.935667      0.38737866    
   23.933870      0.38474685    
   23.932060      0.38212579    
   23.930241      0.37952110    
   23.928410      0.37691811    
   23.926565      0.37425971    
   23.924711      0.37176183    
   23.922844      0.36927116    
   23.920967      0.36675692    
   23.919077      0.36425799    
   23.917175      0.36177456    
   23.915262      0.35923591    
   23.913336      0.35680142    
   23.911398      0.35440749    
   23.909449      0.35198104    
   23.907488      0.34957114    
   23.905514      0.34713569    
   23.903526      0.34473610    
   23.901527      0.34242803    
   23.899517      0.34008056    
   23.897491      0.33774081    
   23.895456      0.33536384    
   23.893406      0.33309022    
   23.891344      0.33081970    
   23.889269      0.32853600    
   23.887180      0.32622764    
   23.885080      0.32401410    
   23.882965      0.32178870    
   23.880838      0.31954333    
   23.878698      0.31733862    
   23.876543      0.31517118    
   23.874376      0.31296769    
   23.872194      0.31080309    
   23.869999      0.30867156    
   23.867790      0.30650336    
   23.865568      0.30440393    
   23.863333      0.30227837    
   23.861082      0.30018988    
   23.858818      0.29809853    
   23.856539      0.29603374    
   23.854246      0.29396501    
   23.851938      0.29192564    
   23.849617      0.28988710    
   23.847281      0.28786767    
   23.844931      0.28586462    
   23.842566      0.28387108    
   23.840185      0.28188762    
   23.837790      0.27991867    
   23.835379      0.27796122    
   23.832954      0.27601844    
   23.830515      0.27408594    
   23.828058      0.27216631    
   23.825588      0.27025872    
   23.823101      0.26836196    
   23.820599      0.26647639    
   23.818081      0.26460204    
   23.815548      0.26274335    
   23.813000      0.26089463    
   23.810434      0.25905472    
   23.807852      0.25722885    
   23.805256      0.25541851    
   23.802641      0.25361589    
   23.800011      0.25182161    
   23.797365      0.25003749    
   23.794703      0.24826348    
   23.792023      0.24649921    
   23.789326      0.24475706    
   23.786613      0.24302864    
   23.783882      0.24130782    
   23.781136      0.23959590    
   23.778372      0.23789291    
   23.775589      0.23620044    
   23.772791      0.23452045    
   23.769974      0.23284902    
   23.767139      0.23118678    
   23.764288      0.22953837    
   23.761417      0.22789799    
   23.758530      0.22626896    
   23.755623      0.22464947    
   23.752699      0.22304118    
   23.749758      0.22144513    
   23.746796      0.21985593    
   23.743816      0.21827872    
   23.740818      0.21671245    
   23.737803      0.21515569    
   23.734766      0.21360675    
   23.731712      0.21206887    
   23.728638      0.21053877    
   23.725546      0.20902054    
   23.722433      0.20751241    
   23.719301      0.20601232    
   23.716150      0.20452175    
   23.712980      0.20304292    
   23.709789      0.20157193    
   23.706577      0.20010959    
   23.703346      0.19865617    
   23.700096      0.19721468    
   23.696825      0.19578160    
   23.693533      0.19435795    
   23.690220      0.19294156    
   23.686886      0.19153419    
   23.683533      0.19013540    
   23.680159      0.18874323    
   23.676762      0.18735866    
   23.673344      0.18598895    
   23.669905      0.18463114    
   23.666445      0.18328212    
   23.662964      0.18193628    
   23.659460      0.18060063    
   23.655933      0.17927487    
   23.652386      0.17795536    
   23.648817      0.17664556    
   23.645224      0.17534178    
   23.641609      0.17404766    
   23.637972      0.17276248    
   23.634312      0.17148480    
   23.630629      0.17021498    
   23.626923      0.16895370    
   23.623194      0.16770051    
   23.619442      0.16645657    
   23.615665      0.16521943    
   23.611866      0.16398984    
   23.608044      0.16276883    
   23.604195      0.16155450    
   23.600325      0.16034913    
   23.596428      0.15915130    
   23.592508      0.15796205    
   23.588564      0.15677902    
   23.584595      0.15560491    
   23.580601      0.15443611    
   23.576582      0.15327157    
   23.572538      0.15211596    
   23.568470      0.15097606    
   23.564375      0.14984307    
   23.560253      0.14871261    
   23.556107      0.14759009    
   23.551935      0.14647509    
   23.547737      0.14536680    
   23.543512      0.14426473    
   23.539261      0.14316966    
   23.534985      0.14208280    
   23.530680      0.14100337    
   23.526348      0.13993140    
   23.521990      0.13886610    
   23.517605      0.13780792    
   23.513191      0.13675511    
   23.508751      0.13570866    
   23.504284      0.13467126    
   23.499786      0.13363978    
   23.495262      0.13261451    
   23.490709      0.13159420    
   23.486128      0.13057852    
   23.481518      0.12957259    
   23.476879      0.12857759    
   23.472212      0.12758812    
   23.467514      0.12660226    
   23.462788      0.12562361    
   23.458033      0.12465073    
   23.453247      0.12368360    
   23.448431      0.12272327    
   23.443586      0.12176962    
   23.438709      0.12082142    
   23.433804      0.11987997    
   23.428865      0.11894470    
   23.423899      0.11801555    
   23.418900      0.11709242    
   23.413868      0.11617551    
   23.408806      0.11526130    
   23.403713      0.11435266    
   23.398588      0.11345738    
   23.393431      0.11256662    
   23.388241      0.11167975    
   23.383018      0.11079858    
   23.377764      0.10992302    
   23.372475      0.10905232    
   23.367155      0.10818791    
   23.361801      0.10732926    
   23.356413      0.10647690    
   23.350992      0.10563050    
   23.345537      0.10478914    
   23.340048      0.10395101    
   23.334522      0.10311638    
   23.328964      0.10229404    
   23.323372      0.10147748    
   23.317743      0.10066366    
   23.312080      9.98550281E-02
   23.306381      9.90513712E-02
   23.300648      9.82531309E-02
   23.294878      9.74604636E-02
   23.289072      9.66730341E-02
   23.283230      9.58915129E-02
   23.277349      9.51124504E-02
   23.271433      9.43384022E-02
   23.265482      9.35752019E-02
   23.259491      9.28144902E-02
   23.253464      9.20580328E-02
   23.247398      9.13063064E-02
   23.241295      9.05601606E-02
   23.235153      8.98188800E-02
   23.228973      8.90820473E-02
   23.222755      8.83484930E-02
   23.216497      8.76204073E-02
   23.210201      8.69020969E-02
   23.203865      8.61864164E-02
   23.197489      8.54745582E-02
   23.191074      8.47679675E-02
   23.184618      8.40656087E-02
   23.178122      8.33675936E-02
   23.171587      8.26726034E-02
   23.165009      8.19853097E-02
   23.158390      8.13032314E-02
   23.151730      8.06240141E-02
   23.145027      7.99497068E-02
   23.138285      7.92800412E-02
   23.131498      7.86136091E-02
   23.124670      7.79519454E-02
   23.117800      7.72975534E-02
   23.110886      7.66462162E-02
   23.103930      7.59994909E-02
   23.096928      7.53558949E-02
   23.089884      7.47154281E-02
   23.082794      7.40828291E-02
   23.075661      7.34539777E-02
   23.068485      7.28288144E-02
   23.061262      7.22066313E-02
   23.053993      7.15886205E-02
   23.046680      7.09777027E-02
   23.039322      7.03695863E-02
   23.031918      6.97647929E-02
   23.024466      6.91637024E-02
   23.016968      6.85691908E-02
   23.009424      6.79772645E-02
   23.001831      6.73880279E-02
   22.994192      6.68052360E-02
   22.986506      6.62260056E-02
   22.978769      6.56494573E-02
   22.970985      6.50785118E-02
   22.963154      6.45110235E-02
   22.955273      6.39465824E-02
   22.947342      6.33873716E-02
   22.939362      6.28307536E-02
   22.931332      6.22794852E-02
   22.923250      6.17312044E-02
   22.915119      6.11872226E-02
   22.906939      6.06463067E-02
   22.898706      6.01101145E-02
   22.890421      5.95773123E-02
   22.882084      5.90478405E-02
   22.873695      5.85223846E-02
   22.865255      5.80010153E-02
   22.856762      5.74829802E-02
   22.848215      5.69686480E-02
   22.839615      5.64577915E-02
   22.830959      5.59505485E-02
   22.822252      5.54469675E-02
   22.813490      5.49470820E-02
   22.804672      5.44509776E-02
   22.795799      5.39580099E-02
   22.786871      5.34684807E-02
   22.777887      5.29827923E-02
   22.768847      5.25005199E-02
   22.759750      5.20215593E-02
   22.750595      5.15457839E-02
   22.741385      5.10735847E-02
   22.732117      5.06050512E-02
   22.722790      5.01395278E-02
   22.713406      4.96771485E-02
   22.703960      4.92183305E-02
   22.694458      4.87633497E-02
   22.684896      4.83116023E-02
   22.675276      4.78628092E-02
   22.665592      4.74173278E-02
   22.655849      4.69750613E-02
   22.646046      4.65359874E-02
   22.636181      4.61002402E-02
   22.626255      4.56676222E-02
   22.616266      4.52379808E-02
   22.606215      4.48116921E-02
   22.596100      4.43885438E-02
   22.585922      4.39683162E-02
   22.575682      4.35513481E-02
   22.565376      4.31373678E-02
   22.555008      4.27265279E-02
   22.544573      4.23187055E-02
   22.534073      4.19137888E-02
   22.523508      4.15119864E-02
   22.512877      4.11128774E-02
   22.502178      4.07168642E-02
   22.491413      4.03238088E-02
   22.480579      3.99339609E-02
   22.469681      3.95470709E-02
   22.458714      3.91631313E-02
   22.447676      3.87817770E-02
   22.436569      3.84032540E-02
   22.425394      3.80277894E-02
   22.414150      3.76550481E-02
   22.402834      3.72850373E-02
   22.391447      3.69179547E-02
   22.379990      3.65535766E-02
   22.368460      3.61919925E-02
   22.356859      3.58332433E-02
   22.345184      3.54770422E-02
   22.333439      3.51237282E-02
   22.321617      3.47727053E-02
   22.309723      3.44247520E-02
   22.297754      3.40797193E-02
   22.285711      3.37371603E-02
   22.273592      3.33971232E-02
   22.261396      3.30597572E-02
   22.249125      3.27249877E-02
   22.236778      3.23928744E-02
   22.224354      3.20633277E-02
   22.211849      3.17362547E-02
   22.199268      3.14117670E-02
   22.186607      3.10897753E-02
   22.173870      3.07704397E-02
   22.161053      3.04533970E-02
   22.148153      3.01389787E-02
   22.135172      2.98272464E-02
   22.122112      2.95178350E-02
   22.108969      2.92107891E-02
   22.095745      2.89062001E-02
   22.082438      2.86040306E-02
   22.069048      2.83042938E-02
   22.055573      2.80068964E-02
   22.042013      2.77119130E-02
   22.028372      2.74192225E-02
   22.014643      2.71288063E-02
   22.000828      2.68411022E-02
   21.986925      2.65555624E-02
   21.972939      2.62723044E-02
   21.958862      2.59913132E-02
   21.944698      2.57125776E-02
   21.930447      2.54361387E-02
   21.916105      2.51619183E-02
   21.901674      2.48898342E-02
   21.887154      2.46201660E-02
   21.872541      2.43527871E-02
   21.857838      2.40874719E-02
   21.843040      2.38243826E-02
   21.828154      2.35634800E-02
   21.813173      2.33047139E-02
   21.798098      2.30479725E-02
   21.782928      2.27934495E-02
   21.767664      2.25412156E-02
   21.752304      2.22910680E-02
   21.736849      2.20429339E-02
   21.721296      2.17968952E-02
   21.705647      2.15528645E-02
   21.689899      2.13108305E-02
   21.674051      2.10710727E-02
   21.658108      2.08333414E-02
   21.642063      2.05975622E-02
   21.625917      2.03637816E-02
   21.609671      2.01318786E-02
   21.593323      1.99022181E-02
   21.576874      1.96744557E-02
   21.560320      1.94486510E-02
   21.543663      1.92247033E-02
   21.526901      1.90027915E-02
   21.510036      1.87828634E-02
   21.493065      1.85647700E-02
   21.475988      1.83485430E-02
   21.458803      1.81343108E-02
   21.441511      1.79219581E-02
   21.424110      1.77114084E-02
   21.406603      1.75027400E-02
   21.388985      1.72959957E-02
   21.371258      1.70910396E-02
   21.353416      1.68878920E-02
   21.335464      1.66865718E-02
   21.317402      1.64870322E-02
   21.299227      1.62894093E-02
   21.280937      1.60934478E-02
   21.262531      1.58993229E-02
   21.244013      1.57069117E-02
   21.225376      1.55162923E-02
   21.206627      1.53274313E-02
   21.187757      1.51402373E-02
   21.168770      1.49547989E-02
   21.149662      1.47710675E-02
   21.130436      1.45890024E-02
   21.111094      1.44086946E-02
   21.091625      1.42300036E-02
   21.072037      1.40530020E-02
   21.052326      1.38776265E-02
   21.032490      1.37038957E-02
   21.012533      1.35318581E-02
   20.992451      1.33614186E-02
   20.972240      1.31925754E-02
   20.951904      1.30253462E-02
   20.931442      1.28597012E-02
   20.910852      1.26956580E-02
   20.890133      1.25331506E-02
   20.869284      1.23722395E-02
   20.848305      1.22128893E-02
   20.827192      1.20550394E-02
   20.805952      1.18987588E-02
   20.784576      1.17440056E-02
   20.763065      1.15907285E-02
   20.741421      1.14389695E-02
   20.719643      1.12887416E-02
   20.697729      1.11399582E-02
   20.675674      1.09926462E-02
   20.653484      1.08468123E-02
   20.631155      1.07024247E-02
   20.608685      1.05594723E-02
   20.586075      1.04179569E-02
   20.563326      1.02778841E-02
   20.540432      1.01392297E-02
   20.517395      1.00019826E-02
   20.494213      9.86611471E-03
   20.470888      9.73165780E-03
   20.447418      9.59857926E-03
   20.423800      9.46683716E-03
   20.400032      9.33644921E-03
   20.376118      9.20743961E-03
   20.352053      9.07979440E-03
   20.327841      8.95345304E-03
   20.303473      8.82843044E-03
   20.278954      8.70472379E-03
   20.254280      8.58233869E-03
   20.229454      8.46122392E-03
   20.204475      8.34143162E-03
   20.179337      8.22290033E-03
   20.154039      8.10562074E-03
   20.128586      7.98962358E-03
   20.102972      7.87485670E-03
   20.077202      7.76134897E-03
   20.051266      7.64906919E-03
   20.025169      7.53800571E-03
   19.998909      7.42816739E-03
   19.972485      7.31951790E-03
   19.945898      7.21210521E-03
   19.919142      7.10585061E-03
   19.892218      7.00079231E-03
   19.865126      6.89689210E-03
   19.837864      6.79415837E-03
   19.810436      6.69259951E-03
   19.782833      6.59217779E-03
   19.755056      6.49288576E-03
   19.727106      6.39472017E-03
   19.698982      6.29768474E-03
   19.670683      6.20176690E-03
   19.642206      6.10694243E-03
   19.613550      6.01321086E-03
   19.584715      5.92057267E-03
   19.555698      5.82900783E-03
   19.526505      5.73853031E-03
   19.497126      5.64909866E-03
   19.467562      5.56072081E-03
   19.437813      5.47339348E-03
   19.407879      5.38711436E-03
   19.377758      5.30184899E-03
   19.347450      5.21762017E-03
   19.316950      5.13440743E-03
   19.286259      5.05218329E-03
   19.255377      4.97097615E-03
   19.224300      4.89074597E-03
   19.193035      4.81151510E-03
   19.161568      4.73323604E-03
   19.129906      4.65593953E-03
   19.098045      4.57959995E-03
   19.065987      4.50421125E-03
   19.033730      4.42976551E-03
   19.001266      4.35624644E-03
   18.968601      4.28366335E-03
   18.935730      4.21199761E-03
   18.902657      4.14124317E-03
   18.869377      4.07139817E-03
   18.835888      4.00245329E-03
   18.802187      3.93438200E-03
   18.768276      3.86719801E-03
   18.734154      3.80089693E-03
   18.699821      3.73547012E-03
   18.665270      3.67088336E-03
   18.630503      3.60715110E-03
   18.595518      3.54426354E-03
   18.560314      3.48222395E-03
   18.524895      3.42100393E-03
   18.489248      3.36060044E-03
   18.453381      3.30100954E-03
   18.417288      3.24223470E-03
   18.380968      3.18425335E-03
   18.344429      3.12706968E-03
   18.307653      3.07066785E-03
   18.270649      3.01504554E-03
   18.233414      2.96019507E-03
   18.195944      2.90610571E-03
   18.158245      2.85278144E-03
   18.120306      2.80020270E-03
   18.082130      2.74836621E-03
   18.043715      2.69726431E-03
   18.005058      2.64689489E-03
   17.966167      2.59725377E-03
   17.927025      2.54830974E-03
   17.887640      2.50009052E-03
   17.848009      2.45256885E-03
   17.808128      2.40573380E-03
   17.768000      2.35959375E-03
   17.727623      2.31413962E-03
   17.686993      2.26935325E-03
   17.646105      2.22523301E-03
   17.604961      2.18177447E-03
   17.563560      2.13897065E-03
   17.521908      2.09681923E-03
   17.479988      2.05530948E-03
   17.437805      2.01442442E-03
   17.395359      1.97417079E-03
   17.352648      1.93452835E-03
   17.309675      1.89551024E-03
   17.266428      1.85709319E-03
   17.222910      1.81927846E-03
   17.179119      1.78205525E-03
   17.135056      1.74542307E-03
   17.090721      1.70937972E-03
   17.046104      1.67391298E-03
   17.001207      1.63900736E-03
   16.956032      1.60467625E-03
   16.910572      1.57089124E-03
   16.864834      1.53767236E-03
   16.818802      1.50498748E-03
   16.772484      1.47284532E-03
   16.725876      1.44123682E-03
   16.678978      1.41015532E-03
   16.631790      1.37959921E-03
   16.584303      1.34955090E-03
   16.536518      1.32001308E-03
   16.488434      1.29097910E-03
   16.440048      1.26244675E-03
   16.391367      1.23440358E-03
   16.342375      1.20684574E-03
   16.293077      1.17976859E-03
   16.243471      1.15315826E-03
   16.193554      1.12701056E-03
   16.143330      1.10132841E-03
   16.092785      1.07610016E-03
   16.041927      1.05132384E-03
   15.990748      1.02699560E-03
   15.939251      1.00310578E-03
   15.887437      9.79652628E-04
   15.835293      9.56630101E-04
   15.782822      9.34024865E-04
   15.730023      9.11844138E-04
   15.676894      8.90072086E-04
   15.623433      8.68711737E-04
   15.569643      8.47751449E-04
   15.515511      8.27187672E-04
   15.461040      8.07016506E-04
   15.406228      7.87229452E-04
   15.351074      7.67827674E-04
   15.295581      7.48802559E-04
   15.239735      7.30143627E-04
   15.183538      7.11856701E-04
   15.126990      6.93924085E-04
   15.070089      6.76338852E-04
   15.012839      6.59103796E-04
   14.955224      6.42216241E-04
   14.897247      6.25665416E-04
   14.838909      6.09452836E-04
   14.780206      5.93573379E-04
   14.721143      5.78022271E-04
   14.661702      5.62789559E-04
   14.601890      5.47873322E-04
   14.541703      5.33273269E-04
   14.481141      5.18978282E-04
   14.420207      5.04991040E-04
   14.358884      4.91297164E-04
   14.297177      4.77901049E-04
   14.235085      4.64790472E-04
   14.172605      4.51967091E-04
   14.109740      4.39426192E-04
   14.046476      4.27159801E-04
   13.982815      4.15167015E-04
   13.918756      4.03428974E-04
   13.854297      3.91952490E-04
   13.789442      3.80736921E-04
   13.724174      3.69774352E-04
   13.658497      3.59062717E-04
   13.592409      3.48599307E-04
   13.525908      3.38375452E-04
   13.458999      3.28393275E-04
   13.391664      3.18645121E-04
   13.323907      3.09130206E-04
   13.255726      2.99838808E-04
   13.187119      2.90772441E-04
   13.118091      2.81926448E-04
   13.048622      2.73290789E-04
   12.978720      2.64868169E-04
   12.908380      2.56654079E-04
   12.837599      2.48642435E-04
   12.766376      2.40827096E-04
   12.694716      2.33199302E-04
   12.622600      2.25765616E-04
   12.550033      2.18521862E-04
   12.477011      2.11463353E-04
   12.403532      2.04587501E-04
   12.329603      1.97889734E-04
   12.255202      1.91369472E-04
   12.180336      1.85021883E-04
   12.105001      1.78844173E-04
   12.029196      1.72832195E-04
   11.952926      1.66984421E-04
   11.876168      1.61292628E-04
   11.798932      1.55755726E-04
   11.721210      1.50373322E-04
   11.643004      1.45139580E-04
   11.564318      1.40047836E-04
   11.485129      1.35093680E-04
   11.405447      1.30281187E-04
   11.325264      1.25607970E-04
   11.244581      1.21066936E-04
   11.163403      1.16657837E-04
   11.081708      1.12379399E-04
   10.999499      1.08227418E-04
   10.916780      1.04201834E-04
   10.833541      1.00297024E-04
   10.749790      9.65118743E-05
   10.665507      9.28383524E-05
   10.580697      8.92770040E-05
   10.495356      8.58262501E-05
   10.409481      8.24826639E-05
   10.323079      7.92368373E-05
   10.236127      7.60961921E-05
   10.148630      7.30558022E-05
   10.060586      7.01099852E-05
   9.9719915      6.72594833E-05
   9.8828535      6.45040709E-05
   9.7931471      6.18407284E-05
   9.7028780      5.92665892E-05
   9.6120472      5.67805982E-05
   9.5206461      5.43799069E-05
   9.4286842      5.20576177E-05
   9.3361378      4.98133741E-05
   9.2430105      4.76467503E-05
   9.1493006      4.55527479E-05
   9.0550070      4.35323636E-05
   8.9601212      4.15868963E-05
   8.8646536      3.97105068E-05
   8.7685776      3.78934274E-05
   8.6719017      3.61461243E-05
   8.5746193      3.44651526E-05
   8.4767284      3.28487731E-05
   8.3782377      3.12907214E-05
   8.2791185      2.97940678E-05
   8.1793804      2.83508234E-05
   8.0790176      2.69625289E-05
   7.9780273      2.56235235E-05
   7.8764172      2.43354953E-05
   7.7741585      2.31022295E-05
   7.6712608      2.19191279E-05
   7.5677204      2.07783396E-05
   7.4635315      1.96793389E-05
   7.3587017      1.86275265E-05
   7.2532063      1.76207650E-05
   7.1470509      1.66567170E-05
   7.0402298      1.57299364E-05
   6.9327412      1.48407053E-05
   6.8245907      1.39880185E-05
   6.7157555      1.31719389E-05
   6.6062355      1.23833315E-05
   6.4960327      1.16342180E-05
   6.3851376      1.09205839E-05
   6.2735653      1.02327431E-05
   6.1612797      9.56971144E-06
   6.0482922      8.93931247E-06
   5.9345989      8.33851209E-06
   5.8201942      7.76261186E-06
   5.7050858      7.21292690E-06
   5.5892467      6.68355460E-06
   5.4726810      6.17907381E-06
   5.3553867      5.70092516E-06
   5.2373581      5.23699919E-06
   5.1186047      4.79890286E-06
   4.9990959      4.38401457E-06
   4.8788376      3.98303064E-06
   4.7578278      3.60185231E-06
   4.6360607      3.24094708E-06
   4.5135479      2.90005801E-06
   4.3902531      2.57478473E-06
   4.2661877      2.26823136E-06
   4.1413460      1.97987697E-06
   4.0157223      1.70950750E-06
   3.8893127      1.45829085E-06
   3.7621288      1.22570748E-06
   3.6341343      1.01208593E-06
   3.5053368      8.20492176E-07
   3.3757362      6.47072454E-07
   3.2453232      4.96515213E-07
   3.1141109      3.67442709E-07
   2.9820633      2.60276892E-07
   2.8491879      1.74697220E-07
   2.7154808      1.09572611E-07
   2.5809383      6.30738981E-08
   2.4455700      3.25712364E-08
   2.3093395      1.46102463E-08
   2.1722546      5.44983036E-09
   2.0343151      1.59630187E-09
   1.8955116      3.44604317E-10
   1.7558556      5.67930945E-11
   1.6153107      1.17857980E-11
   1.4738846       0.0000000    
