   24.222980       35.421627    
   24.222980       35.421627    
   24.222979       36.865616    
   24.222979       36.865616    
   24.222979       36.865616    
   24.222979       36.865616    
   24.222977       36.649155    
   24.222977       36.649155    
   24.222977       36.649155    
   24.222975       36.238335    
   24.222975       36.238335    
   24.222975       36.238335    
   24.222973       36.440228    
   24.222973       36.440228    
   24.222973       36.440228    
   24.222971       36.238335    
   24.222971       36.238335    
   24.222971       36.238335    
   24.222971       36.238335    
   24.222969       36.238335    
   24.222969       36.238335    
   24.222969       36.238335    
   24.222967       35.492523    
   24.222967       35.492523    
   24.222967       35.492523    
   24.222965       36.043011    
   24.222965       36.043011    
   24.222965       36.043011    
   24.222963       35.853848    
   24.222963       35.853848    
   24.222963       35.853848    
   24.222961       35.492523    
   24.222961       35.492523    
   24.222960       35.761456    
   24.222960       35.761456    
   24.222960       35.761456    
   24.222958       35.670467    
   24.222958       35.670467    
   24.222958       35.670467    
   24.222956       35.492523    
   24.222956       35.492523    
   24.222956       35.492523    
   24.222954       34.232059    
   24.222954       34.232059    
   24.222952       35.319706    
   24.222952       35.319706    
   24.222952       35.319706    
   24.222950       35.151730    
   24.222950       35.151730    
   24.222950       35.151730    
   24.222948       34.829254    
   24.222948       34.829254    
   24.222946       34.988323    
   24.222946       34.988323    
   24.222946       34.988323    
   24.222944       34.829254    
   24.222944       34.829254    
   24.222942       34.829254    
   24.222942       34.829254    
   24.222942       34.829254    
   24.222940       34.232059    
   24.222940       34.232059    
   24.222939       34.674290    
   24.222939       34.674290    
   24.222937       34.523232    
   24.222937       34.523232    
   24.222937       34.523232    
   24.222935       34.232059    
   24.222935       34.232059    
   24.222933       34.449100    
   24.222933       34.449100    
   24.222931       34.232059    
   24.222931       34.232059    
   24.222929       34.232059    
   24.222929       34.232059    
   24.222929       34.232059    
   24.222927       32.304089    
   24.222927       32.304089    
   24.222925       34.091606    
   24.222925       34.091606    
   24.222923       33.954369    
   24.222923       33.954369    
   24.222921       33.688961    
   24.222921       33.688961    
   24.222919       33.820198    
   24.222919       33.820198    
   24.222918       33.688961    
   24.222918       33.688961    
   24.222916       33.754219    
   24.222916       33.754219    
   24.222914       33.190968    
   24.222914       33.190968    
   24.222912       33.592384    
   24.222912       33.592384    
   24.222910       33.434799    
   24.222910       33.434799    
   24.222908       33.434799    
   24.222908       33.434799    
   24.222906       33.190968    
   24.222906       33.190968    
   24.222904       33.281246    
   24.222904       33.281246    
   24.222902       33.190968    
   24.222902       33.190968    
   24.222900       32.304089    
   24.222898       33.072670    
   24.222898       33.072670    
   24.222897       32.956657    
   24.222897       32.956657    
   24.222895       32.731155    
   24.222895       32.731155    
   24.222893       32.842850    
   24.222893       32.842850    
   24.222891       32.731155    
   24.222889       32.731155    
   24.222889       32.731155    
   24.222887       32.304089    
   24.222887       32.304089    
   24.222885       32.513824    
   24.222883       32.513824    
   24.222883       32.513824    
   24.222881       32.513824    
   24.222881       32.513824    
   24.222879       32.304089    
   24.222878       32.304089    
   24.222878       32.304089    
   24.222876       32.304089    
   24.222874       29.675980    
   24.222874       29.675980    
   24.222872       32.201908    
   24.222872       32.201908    
   24.222870       32.101440    
   24.222868       31.905409    
   24.222868       31.905409    
   24.222866       32.002625    
   24.222864       32.002625    
   24.222864       32.002625    
   24.222862       31.905409    
   24.222860       31.531578    
   24.222860       31.531578    
   24.222858       31.715582    
   24.222857       31.762480    
   24.222855       31.715582    
   24.222855       31.715582    
   24.222853       31.531578    
   24.222851       31.531578    
   24.222851       31.531578    
   24.222849       31.531578    
   24.222847       30.847277    
   24.222847       30.847277    
   24.222845       31.441648    
   24.222843       31.353048    
   24.222841       31.179678    
   24.222841       31.179678    
   24.222839       31.265738    
   24.222837       31.179678    
   24.222836       31.179678    
   24.222836       31.179678    
   24.222834       31.179678    
   24.222832       30.847277    
   24.222830       31.073811    
   24.222828       31.011175    
   24.222828       31.011175    
   24.222826       30.847277    
   24.222824       30.847277    
   24.222822       30.847277    
   24.222820       29.675980    
   24.222820       29.675980    
   24.222818       30.766977    
   24.222816       30.687737    
   24.222815       30.532330    
   24.222813       30.609529    
   24.222813       30.609529    
   24.222811       30.532328    
   24.222809       30.532328    
   24.222807       30.532328    
   24.222805       30.233091    
   24.222803       30.380844    
   24.222801       30.233091    
   24.222801       30.233091    
   24.222799       30.343563    
   24.222797       30.233091    
   24.222795       30.233091    
   24.222794       29.675978    
   24.222792       30.160557    
   24.222790       30.088890    
   24.222788       29.948071    
   24.222786       30.053373    
   24.222784       29.948071    
   24.222784       29.948071    
   24.222782       29.948071    
   24.222780       29.675978    
   24.222778       29.878881    
   24.222776       29.810482    
   24.222775       29.675978    
   24.222773       29.776571    
   24.222771       29.675978    
   24.222769       29.675978    
   24.222767       26.459190    
   24.222765       29.609840    
   24.222763       29.544422    
   24.222761       29.415689    
   24.222759       29.528179    
   24.222757       29.415689    
   24.222755       29.166225    
   24.222754       29.352345    
   24.222752       29.368118    
   24.222750       29.289661    
   24.222748       29.289661    
   24.222746       29.166225    
   24.222744       29.166225    
   24.222742       29.166225    
   24.222738       29.105448    
   24.222736       29.045279    
   24.222734       29.045279    
   24.222733       28.926720    
   24.222731       28.926720    
   24.222729       28.696409    
   24.222727       28.897444    
   24.222725       28.868309    
   24.222723       28.810459    
   24.222719       28.696409    
   24.222717       28.696409    
   24.222715       28.696409    
   24.222713       27.854544    
   24.222712       28.584486    
   24.222710       28.584486    
   24.222708       28.598364    
   24.222704       28.529299    
   24.222702       28.260725    
   24.222700       28.461020    
   24.222698       28.420422    
   24.222696       28.366714    
   24.222692       28.260723    
   24.222691       28.260723    
   24.222689       28.260723    
   24.222687       27.854544    
   24.222683       28.156572    
   24.222681       28.054197    
   24.222679       28.105167    
   24.222677       28.105167    
   24.222673       27.854544    
   24.222672       27.953541    
   24.222670       27.978546    
   24.222666       27.854544    
   24.222664       27.854544    
   24.222662       27.854544    
   24.222658       27.805651    
   24.222656       27.757154    
   24.222654       27.661320    
   24.222651       27.709047    
   24.222649       27.661320    
   24.222647       27.474125    
   24.222643       27.590435    
   24.222641       27.566992    
   24.222637       27.474125    
   24.222635       27.474125    
   24.222633       27.116394    
   24.222630       27.382673    
   24.222628       27.292595    
   24.222624       27.337463    
   24.222622       27.292595    
   24.222618       27.248056    
   24.222616       27.203848    
   24.222612       27.159960    
   24.222610       27.116394    
   24.222607       26.459187    
   24.222605       27.073141    
   24.222601       26.945221    
   24.222599       27.008841    
   24.222595       26.945221    
   24.222593       26.778797    
   24.222589       26.861431    
   24.222588       26.778795    
   24.222584       26.778795    
   24.222580       26.459185    
   24.222578       26.737902    
   24.222574       26.697283    
   24.222572       26.616861    
   24.222569       26.616861    
   24.222565       26.577053    
   24.222563       26.537506    
   24.222559       26.498217    
   24.222555       26.459185    
   24.222553       22.833263    
   24.222549       26.381872    
   24.222546       26.305544    
   24.222544       26.343586    
   24.222540       26.155741    
   24.222536       26.230175    
   24.222532       26.192842    
   24.222530       26.155741    
   24.222527       25.866907    
   24.222523       26.082218    
   24.222519       26.009584    
   24.222515       25.866905    
   24.222513       25.991564    
   24.222509       25.937820    
   24.222506       25.902258    
   24.222502       25.866905    
   24.222498       25.796820    
   24.222494       25.796818    
   24.222492       25.727541    
   24.222488       25.727541    
   24.222485       25.693199    
   24.222481       25.591339    
   24.222477       25.625099    
   24.222473       25.591339    
   24.222469       25.549402    
   24.222466       25.458160    
   24.222462       25.466398    
   24.222458       25.425322    
   24.222454       25.327873    
   24.222450       25.327873    
   24.222446       25.327873    
   24.222443       25.263775    
   24.222439       25.247858    
   24.222435       25.200356    
   24.222431       25.168896    
   24.222427       25.075493    
   24.222424       25.075493    
   24.222420       24.833300    
   24.222414       25.014021    
   24.222410       24.953173    
   24.222406       24.833298    
   24.222403       24.892935    
   24.222399       24.863043    
   24.222395       24.848152    
   24.222389       24.774246    
   24.222385       24.715771    
   24.222382       24.715771    
   24.222378       24.686745    
   24.222372       24.600502    
   24.222368       24.600502    
   24.222364       24.572027    
   24.222359       24.487406    
   24.222355       24.487406    
   24.222351       24.431646    
   24.222345       24.403961    
   24.222342       24.376402    
   24.222338       24.321661    
   24.222332       24.267414    
   24.222328       24.267414    
   24.222322       24.227049    
   24.222319       24.186953    
   24.222315       24.160370    
   24.222309       24.120716    
   24.222305       24.055202    
   24.222300       23.951847    
   24.222296       24.003302    
   24.222290       23.977520    
   24.222284       23.926285    
   24.222281       23.900829    
   24.222275       23.850243    
   24.222271       23.800077    
   24.222265       23.787601    
   24.222260       23.555357    
   24.222256       23.700989    
   24.222250       23.652050    
   24.222244       23.627731    
   24.222240       23.555357    
   24.222235       23.567360    
   24.222229       23.507589    
   24.222225       23.460197    
   24.222219       23.366524    
   24.222214       23.413177    
   24.222208       23.183451    
   24.222202       23.320229    
   24.222198       23.274288    
   24.222193       23.183451    
   24.222187       23.185112    
   24.222181       23.095684    
   24.222176       23.140232    
   24.222170       23.095684    
   24.222164       23.073534    
   24.222158       23.029476    
   24.222153       22.985741    
   24.222147       22.963991    
   24.222141       22.920729    
   24.222136       22.877777    
   24.222130       22.835129    
   24.222124       22.813917    
   24.222118       22.771719    
   24.222113       22.585419    
   24.222107       22.708973    
   24.222101       22.667505    
   24.222094       22.585419    
   24.222088       22.585419    
   24.222082       22.544790    
   24.222076       22.504438    
   24.222069       22.464354    
   24.222063       22.424538    
   24.222057       22.404726    
   24.222052       22.345686    
   24.222044       22.326132    
   24.222038       22.267857    
   24.222031       22.229317    
   24.222025       22.219721    
   24.222019       22.171968    
   24.222012       22.134039    
   24.222006       21.966259    
   24.221998       22.040249    
   24.221992       22.030951    
   24.221985       21.984671    
   24.221979       21.947903    
   24.221972       21.911358    
   24.221964       21.875034    
   24.221958       21.838932    
   24.221951       21.803043    
   24.221945       21.767368    
   24.221937       21.731903    
   24.221930       21.679098    
   24.221922       21.644150    
   24.221916       21.609404    
   24.221909       21.574858    
   24.221901       21.540510    
   24.221893       21.472401    
   24.221886       21.405054    
   24.221880       21.405054    
   24.221872       21.396688    
   24.221865       21.338455    
   24.221857       21.305429    
   24.221849       21.288986    
   24.221842       21.239922    
   24.221834       21.207434    
   24.221827       21.142981    
   24.221819       21.126974    
   24.221811       21.095091    
   24.221802       21.047579    
   24.221794       21.016113    
   24.221786       20.984812    
   24.221779       20.945913    
   24.221771       20.891874    
   24.221762       20.861212    
   24.221754       20.830706    
   24.221746       20.800354    
   24.221737       20.740108    
   24.221729       20.710209    
   24.221722       20.680460    
   24.221712       20.643478    
   24.221704       20.612223    
   24.221695       20.562914    
   24.221687       20.533882    
   24.221678       20.490599    
   24.221670       20.461916    
   24.221661       19.980959    
   24.221653       20.362591    
   24.221643       20.334511    
   24.221634       20.306562    
   24.221626       20.251053    
   24.221617       20.237255    
   24.221607       20.196053    
   24.221598       20.155130    
   24.221588       20.114485    
   24.221581       20.087540    
   24.221571       20.034010    
   24.221561       19.980955    
   24.221552       19.974356    
   24.221542       19.928364    
   24.221533       19.876230    
   24.221523       19.850332    
   24.221514       19.773302    
   24.221504       19.789268    
   24.221495       19.747843    
   24.221483       19.697248    
   24.221474       19.672110    
   24.221464       19.634598    
   24.221455       19.597319    
   24.221443       19.547972    
   24.221434       19.523451    
   24.221424       19.486853    
   24.221413       19.426352    
   24.221403       19.414324    
   24.221392       19.372416    
   24.221382       19.330799    
   24.221371       19.283587    
   24.221361       19.260118    
   24.221350       19.213457    
   24.221340       19.190264    
   24.221329       19.144140    
   24.221317       19.109779    
   24.221308       19.075613    
   24.221296       19.030359    
   24.221285       18.830839    
   24.221273       18.963112    
   24.221262       18.918695    
   24.221251       18.889725    
   24.221239       18.852682    
   24.221228       18.787386    
   24.221216       18.776573    
   24.221205       18.733511    
   24.221193       18.658890    
   24.221182       18.658890    
   24.221170       18.627190    
   24.221159       18.574728    
   24.221146       18.533085    
   24.221134       18.512371    
   24.221123       18.481436    
   24.221109       18.430227    
   24.221098       18.329102    
   24.221085       18.329102    
   24.221073       18.170765    
   24.221060       18.294106    
   24.221048       18.254360    
   24.221035       18.209959    
   24.221022       18.180538    
   24.221010       18.131824    
   24.220997       18.093136    
   24.220984       18.064281    
   24.220970       18.016497    
   24.220957       17.988008    
   24.220945       17.940826    
   24.220932       17.903345    
   24.220919       17.884693    
   24.220905       17.829079    
   24.220890       17.792288    
   24.220877       17.755720    
   24.220863       17.719376    
   24.220850       17.683249    
   24.220837       17.658537    
   24.220821       17.611641    
   24.220808       17.576155    
   24.220793       17.505806    
   24.220779       17.436274    
   24.220766       17.436274    
   24.220751       17.430874    
   24.220736       17.393219    
   24.220722       17.350473    
   24.220707       17.316494    
   24.220692       17.274290    
   24.220676       17.232380    
   24.220663       17.199060    
   24.220648       17.165928    
   24.220633       17.100201    
   24.220617       17.035189    
   24.220602       17.059484    
   24.220587       17.019043    
   24.220572       16.982878    
   24.220554       16.938969    
   24.220539       16.781958    
   24.220524       16.867805    
   24.220507       16.832537    
   24.220491       16.781956    
   24.220476       16.751041    
   24.220459       16.659241    
   24.220444       16.659239    
   24.220427       16.644075    
   24.220409       16.598810    
   24.220394       16.568821    
   24.220377       16.524117    
   24.220360       16.479744    
   24.220343       16.450344    
   24.220325       16.305464    
   24.220308       16.377466    
   24.220291       16.341356    
   24.220274       16.305464    
   24.220257       16.262672    
   24.220240       16.220186    
   24.220221       16.192026    
   24.220203       16.157013    
   24.220186       16.122202    
   24.220167       16.080694    
   24.220150       16.025793    
   24.220131       15.998529    
   24.220112       15.864042    
   24.220095       15.934271    
   24.220076       15.890698    
   24.220057       15.860717    
   24.220037       15.817673    
   24.220018       15.758580    
   24.219999       15.747156    
   24.219980       15.711395    
   24.219961       15.667797    
   24.219942       15.629306    
   24.219923       15.597419    
   24.219902       15.559377    
   24.219883       15.521573    
   24.219864       15.477769    
   24.219843       15.446675    
   24.219824       15.413814    
   24.219803       15.372700    
   24.219782       15.329966    
   24.219761       15.293576    
   24.219742       15.257407    
   24.219721       15.225563    
   24.219700       15.185716    
   24.219679       15.150188    
   24.219656       15.109005    
   24.219635       15.073929    
   24.219614       15.033262    
   24.219593       14.975643    
   24.219570       14.961324    
   24.219549       14.924255    
   24.219526       14.887413    
   24.219505       14.839575    
   24.219482       14.806034    
   24.219460       14.772680    
   24.219437       14.728496    
   24.219414       14.695568    
   24.219391       14.619437    
   24.219368       14.619436    
   24.219345       14.587102    
   24.219322       14.549597    
   24.219299       14.491131    
   24.219275       14.470011    
   24.219252       14.437815    
   24.219227       14.396671    
   24.219204       14.360336    
   24.219179       14.324219    
   24.219154       14.283208    
   24.219131       14.242474    
   24.219107       14.212105    
   24.219082       14.171850    
   24.219057       14.136848    
   24.219030       14.082253    
   24.219006       14.062524    
   24.218981       14.028305    
   24.218956       13.989110    
   24.218929       13.945490    
   24.218903       13.906981    
   24.218878       13.868718    
   24.218851       13.840441    
   24.218824       13.802930    
   24.218798       13.764737    
   24.218771       13.726788    
   24.218744       13.680985    
   24.218718       13.653326    
   24.218691       13.607509    
   24.218662       13.575643    
   24.218636       13.539433    
   24.218607       13.498957    
   24.218580       13.466548    
   24.218552       13.409976    
   24.218523       13.390137    
   24.218494       13.348467    
   24.218466       13.313601    
   24.218437       13.270302    
   24.218409       13.240177    
   24.218380       13.201660    
   24.218349       12.648108    
   24.218321       13.125385    
   24.218290       13.083421    
   24.218262       13.050059    
   24.218231       13.000368    
   24.218201       12.975675    
   24.218170       12.934744    
   24.218140       12.902201    
   24.218109       12.837644    
   24.218079       12.829619    
   24.218046       12.792661    
   24.218016       12.755929    
   24.217983       12.710573    
   24.217953       12.679226    
   24.217920       12.640271    
   24.217888       12.601567    
   24.217855       12.568865    
   24.217823       12.524905    
   24.217791       12.464278    
   24.217756       12.449213    
   24.217724       12.404257    
   24.217690       12.374470    
   24.217657       12.344831    
   24.217623       12.307073    
   24.217588       12.267719    
   24.217554       12.231359    
   24.217520       12.191607    
   24.217485       12.157488    
   24.217451       12.120004    
   24.217415       12.080987    
   24.217381       12.042223    
   24.217344       12.007200    
   24.217308       11.968911    
   24.217272       11.932580    
   24.217236       11.889642    
   24.217199       11.855502    
   24.217163       11.808037    
   24.217125       11.781079    
   24.217089       11.740875    
   24.217051       11.707576    
   24.217014       11.667864    
   24.216976       11.621867    
   24.216938       11.595739    
   24.216900       11.556767    
   24.216860       11.518045    
   24.216822       11.482767    
   24.216784       11.441356    
   24.216743       11.409695    
   24.216703       11.365646    
   24.216663       11.328156    
   24.216623       11.290896    
   24.216583       11.253872    
   24.216543       11.217075    
   24.216503       11.180508    
   24.216461       11.147183    
   24.216419       11.108042    
   24.216379       11.072143    
   24.216337       11.036457    
   24.216295       10.977460    
   24.216251       10.959875    
   24.216209       10.919050    
   24.216167       10.884278    
   24.216124       10.849703    
   24.216080       10.809636    
   24.216036       10.769836    
   24.215992       10.735932    
   24.215948       10.701521    
   24.215904       10.663140    
   24.215858       10.624317    
   24.215813       10.588493    
   24.215769       10.552871    
   24.215723       10.514787    
   24.215677       10.476933    
   24.215630       10.396670    
   24.215584       10.401952    
   24.215536       10.354259    
   24.215490       10.327912    
   24.215443       10.291256    
   24.215395       10.253523    
   24.215347       10.208319    
   24.215298       10.177508    
   24.215250       10.141775    
   24.215200       10.104991    
   24.215151       10.065948    
   24.215101       10.025908    
   24.215052       9.9911013    
   24.215002       9.9465551    
   24.214952       9.9196577    
   24.214901       9.8781919    
   24.214849       9.8394327    
   24.214798       9.8057308    
   24.214746       9.7710228    
   24.214695       9.7341700    
   24.214642       9.6776028    
   24.214590       9.6588211    
   24.214537       9.6215153    
   24.214483       9.5844450    
   24.214430       9.5487690    
   24.214375       9.4928846    
   24.214321       9.4566526    
   24.214266       9.4351425    
   24.214211       9.3995953    
   24.214155       9.3598776    
   24.214100       9.3247929    
   24.214045       9.2856140    
   24.213987       9.2520456    
   24.213930       9.2123156    
   24.213873       9.1738920    
   24.213816       9.1410170    
   24.213758       9.1041393    
   24.213699       9.0643730    
   24.213642       9.0310764    
   24.213583       8.9939032    
   24.213524       8.9567404    
   24.213463       8.9162350    
   24.213404       8.8758020    
   24.213343       8.8456230    
   24.213282       8.8096695    
   24.213221       8.7719479    
   24.213160       8.7325935    
   24.213097       8.6993103    
   24.213036       8.6623468    
   24.212973       8.6266527    
   24.212910       8.5892458    
   24.212845       8.5511589    
   24.212782       8.4872112    
   24.212717       8.4800014    
   24.212652       8.4431496    
   24.212587       8.4051542    
   24.212521       8.3683987    
   24.212456       8.3318653    
   24.212389       8.2972975    
   24.212322       8.2595472    
   24.212255       8.2237682    
   24.212187       8.1811857    
   24.212120       8.1389828    
   24.212051       8.1144075    
   24.211983       8.0795660    
   24.211912       8.0416327    
   24.211843       8.0005436    
   24.211773       7.9698911    
   24.211702       7.9344006    
   24.211632       7.8991289    
   24.211559       7.8625016    
   24.211487       7.8130722    
   24.211414       7.7862234    
   24.211342       7.7477121    
   24.211269       7.7153187    
   24.211195       7.6832089    
   24.211121       7.6450014    
   24.211046       7.6102076    
   24.210970       7.5694551    
   24.210896       7.5397973    
   24.210819       7.5041623    
   24.210743       7.4689193    
   24.210665       7.4323616    
   24.210587       7.3857312    
   24.210510       7.3615727    
   24.210430       7.3258772    
   24.210352       7.2904124    
   24.210272       7.2559643    
   24.210192       7.2210937    
   24.210112       7.1745024    
   24.210032       7.1290851    
   24.209949       7.1145186    
   24.209867       7.0806746    
   24.209784       7.0443854    
   24.209702       7.0057168    
   24.209618       6.9753928    
   24.209534       6.9412837    
   24.209450       6.8244057    
   24.209364       6.8699379    
   24.209278       6.8328705    
   24.209192       6.8011827    
   24.209105       6.7689610    
   24.209017       6.7334347    
   24.208929       6.6999316    
   24.208841       6.6568971    
   24.208752       6.6315036    
   24.208662       6.5982943    
   24.208572       6.5640922    
   24.208483       6.5313463    
   24.208391       6.4976273    
   24.208300       6.4594650    
   24.208206       6.4213271    
   24.208113       6.3961148    
   24.208019       6.3631716    
   24.207926       6.3294125    
   24.207830       6.2970223    
   24.207735       6.2638636    
   24.207640       6.2309952    
   24.207542       6.1973214    
   24.207447       6.1639628    
   24.207348       6.1288414    
   24.207251       6.1003017    
   24.207151       6.0679002    
   24.207052       6.0358033    
   24.206951       6.0039430    
   24.206850       5.9710126    
   24.206749       5.9392705    
   24.206648       5.9083843    
   24.206545       5.8767848    
   24.206442       5.8434086    
   24.206337       5.8136091    
   24.206232       5.7824726    
   24.206127       5.7507496    
   24.206020       5.7195468    
   24.205914       5.6871629    
   24.205807       5.6570902    
   24.205700       5.6279221    
   24.205591       5.5972729    
   24.205481       5.5772424    
   24.205372       5.5614471    
   24.205261       5.5449286    
   24.205149       5.5281663    
   24.205036       5.5120811    
   24.204924       5.4938736    
   24.204811       5.4779401    
   24.204697       5.4627938    
   24.204582       5.4467936    
   24.204466       5.4305153    
   24.204350       5.4111233    
   24.204233       5.3978243    
   24.204115       5.3814173    
   24.203997       5.3651223    
   24.203876       5.3458195    
   24.203756       5.3312321    
   24.203636       5.3164434    
   24.203514       5.3001428    
   24.203392       5.2835965    
   24.203268       5.2621574    
   24.203144       5.2511654    
   24.203020       5.2351971    
   24.202894       5.2183828    
   24.202768       5.2030268    
   24.202642       5.1862049    
   24.202515       5.1702552    
   24.202385       5.1530852    
   24.202255       5.1378703    
   24.202126       5.1216660    
   24.201994       5.1057320    
   24.201862       5.0891395    
   24.201731       5.0737414    
   24.201597       5.0575085    
   24.201462       5.0401063    
   24.201328       5.0250278    
   24.201191       5.0084825    
   24.201056       4.9932113    
   24.200916       4.9762039    
   24.200779       4.9607491    
   24.200640       4.9447966    
   24.200499       4.9253411    
   24.200357       4.9124312    
   24.200216       4.8960834    
   24.200073       4.8803916    
   24.199928       4.8642249    
   24.199783       4.8481703    
   24.199638       4.8322229    
   24.199492       4.8158464    
   24.199345       4.8003588    
   24.199196       4.7843699    
   24.199047       4.7685270    
   24.198896       4.7514639    
   24.198746       4.7355852    
   24.198593       4.7204199    
   24.198441       4.7044573    
   24.198286       4.6883693    
   24.198130       4.6722121    
   24.197975       4.6567078    
   24.197817       4.6356845    
   24.197660       4.6246848    
   24.197500       4.6057806    
   24.197340       4.5924287    
   24.197180       4.5766225    
   24.197018       4.5591588    
   24.196856       4.5450788    
   24.196692       4.5291429    
   24.196526       4.5122051    
   24.196360       4.4826698    
   24.196194       4.4812498    
   24.196024       4.4655242    
   24.195856       4.4497995    
   24.195684       4.4330125    
   24.195515       4.4037290    
   24.195341       4.4018574    
   24.195168       4.3855963    
   24.194994       4.3702536    
   24.194818       4.3545723    
   24.194641       4.3386331    
   24.194464       4.3224797    
   24.194284       4.3065891    
   24.194105       4.2904272    
   24.193924       4.2728267    
   24.193741       4.2586784    
   24.193558       4.2434030    
   24.193373       4.2278118    
   24.193188       4.2121167    
   24.193001       4.1962786    
   24.192812       4.1803231    
   24.192623       4.1643519    
   24.192432       4.1473837    
   24.192242       4.1327896    
   24.192047       4.1172614    
   24.191854       4.1014652    
   24.191658       4.0855904    
   24.191462       4.0699129    
   24.191265       4.0539823    
   24.191065       4.0384283    
   24.190865       4.0225806    
   24.190664       4.0069880    
   24.190462       3.9910691    
   24.190258       3.9755430    
   24.190052       3.9594572    
   24.189846       3.9422872    
   24.189638       3.9282749    
   24.189428       3.9125943    
   24.189219       3.8969431    
   24.189007       3.8810303    
   24.188793       3.8635938    
   24.188580       3.8495510    
   24.188364       3.8337276    
   24.188147       3.8176875    
   24.187927       3.8023667    
   24.187708       3.7866759    
   24.187487       3.7709484    
   24.187263       3.7552323    
   24.187040       3.7394798    
   24.186815       3.7237344    
   24.186588       3.7081721    
   24.186359       3.6916771    
   24.186131       3.6763797    
   24.185900       3.6594443    
   24.185667       3.6453373    
   24.185432       3.6294255    
   24.185198       3.6138978    
   24.184959       3.5978761    
   24.184721       3.5824332    
   24.184483       3.5668862    
   24.184240       3.5510111    
   24.183998       3.5353115    
   24.183754       3.5195632    
   24.183508       3.5041311    
   24.183260       3.4883072    
   24.183010       3.4725227    
   24.182760       3.4569032    
   24.182508       3.4393570    
   24.182255       3.4254611    
   24.181999       3.4098938    
   24.181742       3.3942001    
   24.181484       3.3786750    
   24.181223       3.3627141    
   24.180962       3.3471737    
   24.180698       3.3316152    
   24.180433       3.3159087    
   24.180166       3.3000257    
   24.179899       3.2843542    
   24.179628       3.2664304    
   24.179356       3.2533169    
   24.179083       3.2375371    
   24.178808       3.2219050    
   24.178532       3.2063463    
   24.178253       3.1906929    
   24.177973       3.1747177    
   24.177691       3.1594691    
   24.177406       3.1438274    
   24.177120       3.1280632    
   24.176832       3.1124063    
   24.176544       3.0968390    
   24.176252       3.0812893    
   24.175961       3.0649076    
   24.175665       3.0499353    
   24.175369       3.0343652    
   24.175070       3.0186577    
   24.174770       3.0031054    
   24.174467       2.9873126    
   24.174164       2.9719052    
   24.173859       2.9556570    
   24.173550       2.9404025    
   24.173241       2.9246809    
   24.172928       2.9093766    
   24.172615       2.8937824    
   24.172300       2.8783085    
   24.171982       2.8623531    
   24.171663       2.8468289    
   24.171341       2.8313792    
   24.171017       2.8156421    
   24.170692       2.7998619    
   24.170364       2.7819631    
   24.170034       2.7690063    
   24.169703       2.7533340    
   24.169369       2.7360039    
   24.169033       2.7219465    
   24.168695       2.7065942    
   24.168354       2.6908650    
   24.168013       2.6751876    
   24.167667       2.6595550    
   24.167322       2.6391408    
   24.166973       2.6283922    
   24.166622       2.6127796    
   24.166269       2.5972366    
   24.165913       2.5809627    
   24.165556       2.5659053    
   24.165195       2.5500076    
   24.164835       2.5346625    
   24.164471       2.5190482    
   24.164103       2.5033708    
   24.163734       2.4877329    
   24.163363       2.4715118    
   24.162991       2.4565663    
   24.162615       2.4410436    
   24.162235       2.4243805    
   24.161856       2.4095395    
   24.161472       2.3941667    
   24.161087       2.3784213    
   24.160700       2.3629775    
   24.160309       2.3470814    
   24.159916       2.3314490    
   24.159521       2.3159585    
   24.159124       2.3006384    
   24.158724       2.2849965    
   24.158321       2.2694635    
   24.157917       2.2538686    
   24.157509       2.2380970    
   24.157099       2.2192638    
   24.156687       2.2070708    
   24.156271       2.1910756    
   24.155853       2.1757064    
   24.155434       2.1602926    
   24.155010       2.1446908    
   24.154583       2.1290569    
   24.154156       2.1133912    
   24.153725       2.0975165    
   24.153290       2.0823555    
   24.152855       2.0668538    
   24.152414       2.0506809    
   24.151974       2.0354104    
   24.151527       2.0199986    
   24.151081       2.0044210    
   24.150631       1.9887791    
   24.150177       1.9730359    
   24.149721       1.9570403    
   24.149263       1.9420254    
   24.148800       1.9262173    
   24.148336       1.9107765    
   24.147869       1.8943585    
   24.147398       1.8795555    
   24.146925       1.8639026    
   24.146448       1.8482875    
   24.145969       1.8326575    
   24.145487       1.8169893    
   24.145002       1.8015771    
   24.144514       1.7858135    
   24.144022       1.7703156    
   24.143528       1.7548096    
   24.143030       1.7391734    
   24.142529       1.7234306    
   24.142025       1.7071801    
   24.141518       1.6922240    
   24.141008       1.6767797    
   24.140495       1.6612854    
   24.139978       1.6455534    
   24.139460       1.6299895    
   24.138935       1.6144129    
   24.138409       1.5988796    
   24.137880       1.5833168    
   24.137346       1.5676140    
   24.136810       1.5519847    
   24.136271       1.5364190    
   24.135729       1.5203670    
   24.135181       1.5053942    
   24.134632       1.4897156    
   24.134079       1.4740294    
   24.133522       1.4583517    
   24.132961       1.4424909    
   24.132399       1.4274406    
   24.131832       1.4117967    
   24.131260       1.3960795    
   24.130686       1.3805453    
   24.130108       1.3648341    
   24.129526       1.3491673    
   24.128942       1.3337530    
   24.128353       1.3179586    
   24.127760       1.3024282    
   24.127165       1.2870201    
   24.126564       1.2674990    
   24.125961       1.2557869    
   24.125353       1.2401308    
   24.124743       1.2245921    
   24.124126       1.2090036    
   24.123508       1.1933782    
   24.122885       1.1778824    
   24.122259       1.1622738    
   24.121628       1.1461837    
   24.120993       1.1311274    
   24.120356       1.1155510    
   24.119713       1.0997382    
   24.119066       1.0843291    
   24.118416       1.0687916    
   24.117760       1.0532165    
   24.117102       1.0376521    
   24.116440       1.0220653    
   24.115772       1.0063531    
   24.115101      0.99083745    
   24.114426      0.97526300    
   24.113747      0.95961714    
   24.113062      0.94406140    
   24.112373      0.92838109    
   24.111681      0.91276920    
   24.110985      0.89718932    
   24.110283      0.86940670    
   24.109577      0.86592609    
   24.108868      0.85035360    
   24.108154      0.83452398    
   24.107435      0.81918424    
   24.106710      0.80325782    
   24.105984      0.78772843    
   24.105251      0.77253914    
   24.104513      0.75691211    
   24.103773      0.74129629    
   24.103025      0.72573978    
   24.102276      0.70979732    
   24.101521      0.69462442    
   24.100760      0.67900658    
   24.099995      0.66341835    
   24.099224      0.64771342    
   24.098450      0.63222516    
   24.097670      0.61655337    
   24.096886      0.60095996    
   24.096096      0.58530086    
   24.095303      0.56980073    
   24.094503      0.55423927    
   24.093699      0.53866643    
   24.092890      0.52305442    
   24.092075      0.50747144    
   24.091255      0.49177891    
   24.090431      0.47626588    
   24.089602      0.46069100    
   24.088766      0.44274715    
   24.087927      0.42951486    
   24.087080      0.41384211    
   24.086231      0.39833280    
   24.085375      0.38275898    
   24.084513      0.36696851    
   24.083647      0.35161209    
   24.082773      0.33602595    
   24.081896      0.32039899    
   24.081013      0.30443856    
   24.080124      0.28920597    
   24.079231      0.27356526    
   24.078331      0.25794327    
   24.077425      0.24218518    
   24.076515      0.22687545    
   24.075598      0.21122088    
   24.074675      0.19563116    
   24.073748      0.18000844    
   24.072813      0.16449869    
   24.071873      0.14886260    
   24.070927      0.12259322    
   24.069975      0.11770716    
   24.069017      0.10203026    
   24.068054      8.64684880E-02
   24.067085      7.09798932E-02
   24.066109      5.53033464E-02
   24.065126      3.97383012E-02
   24.064138      2.41995808E-02
   24.063145      8.46725050E-03
   24.062145     -7.03478837E-03
   24.061138     -2.26138625E-02
   24.060125     -3.82418595E-02
   24.059105     -5.38580231E-02
   24.058079     -6.94545656E-02
   24.057047     -8.49838406E-02
   24.056009     -0.10059796    
   24.054964     -0.11626257    
   24.053913     -0.13214599    
   24.052855     -0.14737363    
   24.051790     -0.16293068    
   24.050718     -0.17850754    
   24.049641     -0.19420928    
   24.048555     -0.20967776    
   24.047464     -0.22527675    
   24.046366     -0.24096417    
   24.045259     -0.25650421    
   24.044147     -0.27214777    
   24.043028     -0.28769383    
   24.041903     -0.30333704    
   24.040770     -0.31906733    
   24.039629     -0.33446932    
   24.038481     -0.35005993    
   24.037327     -0.36567357    
   24.036163     -0.38129520    
   24.034996     -0.39689559    
   24.033819     -0.41242301    
   24.032635     -0.42800584    
   24.031443     -0.44360054    
   24.030245     -0.45945263    
   24.029039     -0.47844678    
   24.027824     -0.49044341    
   24.026604     -0.50600564    
   24.025375     -0.52158839    
   24.024137     -0.53721011    
   24.022894     -0.55281830    
   24.021641     -0.56851202    
   24.020382     -0.58401972    
   24.019114     -0.59961551    
   24.017838     -0.61522734    
   24.016554     -0.63072544    
   24.015263     -0.64633572    
   24.013962     -0.66195589    
   24.012653     -0.67756140    
   24.011337     -0.69317245    
   24.010014     -0.70875424    
   24.008680     -0.72432089    
   24.007339     -0.73993820    
   24.005989     -0.75553912    
   24.004631     -0.77117503    
   24.003265     -0.78672194    
   24.001890     -0.80234766    
   24.000507     -0.81793934    
   23.999115     -0.83346617    
   23.997713     -0.84910488    
   23.996304     -0.86468220    
   23.994886     -0.88026369    
   23.993458     -0.89620584    
   23.992022     -0.91148674    
   23.990576     -0.92720562    
   23.989122     -0.94266874    
   23.987659     -0.95828009    
   23.986187     -0.97467983    
   23.984705     -0.98945755    
   23.983213      -1.0050485    
   23.981712      -1.0207093    
   23.980204      -1.0362390    
   23.978683      -1.0518483    
   23.977156      -1.0675383    
   23.975616      -1.0831237    
   23.974070      -1.0989360    
   23.972511      -1.1142457    
   23.970943      -1.1298765    
   23.969368      -1.1454420    
   23.967779      -1.1611089    
   23.966183      -1.1766293    
   23.964577      -1.1922293    
   23.962959      -1.2078834    
   23.961332      -1.2234461    
   23.959694      -1.2390460    
   23.958048      -1.2550964    
   23.956390      -1.2702336    
   23.954721      -1.2858887    
   23.953043      -1.3014556    
   23.951353      -1.3170624    
   23.949654      -1.3326379    
   23.947943      -1.3482920    
   23.946222      -1.3638314    
   23.944490      -1.3796357    
   23.942747      -1.3950516    
   23.940994      -1.4108326    
   23.939230      -1.4263432    
   23.937454      -1.4418770    
   23.935667      -1.4574525    
   23.933870      -1.4730484    
   23.932060      -1.4886606    
   23.930241      -1.5042417    
   23.928410      -1.5198523    
   23.926565      -1.5354621    
   23.924711      -1.5510848    
   23.922844      -1.5668243    
   23.920967      -1.5822582    
   23.919077      -1.5978764    
   23.917175      -1.6134750    
   23.915262      -1.6290931    
   23.913336      -1.6446644    
   23.911398      -1.6602722    
   23.909449      -1.6758909    
   23.907488      -1.6916119    
   23.905514      -1.7071488    
   23.903526      -1.7227106    
   23.901527      -1.7383201    
   23.899517      -1.7539155    
   23.897491      -1.7695193    
   23.895456      -1.7851410    
   23.893406      -1.8007545    
   23.891344      -1.8163393    
   23.889269      -1.8319559    
   23.887180      -1.8475627    
   23.885080      -1.8631675    
   23.882965      -1.8787739    
   23.880838      -1.8943584    
   23.878698      -1.9099640    
   23.876543      -1.9256262    
   23.874376      -1.9412661    
   23.872194      -1.9568326    
   23.869999      -1.9724975    
   23.867790      -1.9880317    
   23.865568      -2.0036371    
   23.863333      -2.0192623    
   23.861082      -2.0348673    
   23.858818      -2.0505464    
   23.856539      -2.0661438    
   23.854246      -2.0816998    
   23.851938      -2.0973313    
   23.849617      -2.1130836    
   23.847281      -2.1285543    
   23.844931      -2.1442292    
   23.842566      -2.1597528    
   23.840185      -2.1753757    
   23.837790      -2.1911294    
   23.835379      -2.2066119    
   23.832954      -2.2222192    
   23.830515      -2.2378280    
   23.828058      -2.2534471    
   23.825588      -2.2690642    
   23.823101      -2.3010085    
   23.820599      -2.3003099    
   23.818081      -2.3159056    
   23.815548      -2.3315227    
   23.813000      -2.3471544    
   23.810434      -2.3627846    
   23.807852      -2.3784394    
   23.805256      -2.3940074    
   23.802641      -2.4096601    
   23.800011      -2.4253519    
   23.797365      -2.4408581    
   23.794703      -2.4565175    
   23.792023      -2.4722207    
   23.789326      -2.4877422    
   23.786613      -2.5036225    
   23.783882      -2.5189834    
   23.781136      -2.5345964    
   23.778372      -2.5502503    
   23.775589      -2.5658495    
   23.772791      -2.5814610    
   23.769974      -2.5970879    
   23.767139      -2.6127138    
   23.764288      -2.6283343    
   23.761417      -2.6439691    
   23.758530      -2.6599109    
   23.755623      -2.6752670    
   23.752699      -2.6908591    
   23.749758      -2.7064688    
   23.746796      -2.7221253    
   23.743816      -2.7378299    
   23.740818      -2.7534201    
   23.737803      -2.7689977    
   23.734766      -2.7846346    
   23.731712      -2.8002839    
   23.728638      -2.8159313    
   23.725546      -2.8315496    
   23.722433      -2.8471930    
   23.719301      -2.8628592    
   23.716150      -2.8784363    
   23.712980      -2.8940790    
   23.709789      -2.9097295    
   23.706577      -2.9254293    
   23.703346      -2.9410131    
   23.700096      -2.9566245    
   23.696825      -2.9722741    
   23.693533      -2.9879191    
   23.690220      -3.0035784    
   23.686886      -3.0192046    
   23.683533      -3.0348608    
   23.680159      -3.0504935    
   23.676762      -3.0661631    
   23.673344      -3.0817921    
   23.669905      -3.0974491    
   23.666445      -3.1130695    
   23.662964      -3.1287112    
   23.659460      -3.1443806    
   23.655933      -3.1600161    
   23.652386      -3.1757312    
   23.648817      -3.1913090    
   23.645224      -3.2069914    
   23.641609      -3.2226264    
   23.637972      -3.2382755    
   23.634312      -3.2539496    
   23.630629      -3.2695923    
   23.626923      -3.2852924    
   23.623194      -3.3009398    
   23.619442      -3.3165603    
   23.615665      -3.3322260    
   23.611866      -3.3479047    
   23.608044      -3.3635511    
   23.604195      -3.3792260    
   23.600325      -3.3949230    
   23.596428      -3.4105530    
   23.592508      -3.4262037    
   23.588564      -3.4418733    
   23.584595      -3.4575732    
   23.580601      -3.4736423    
   23.576582      -3.4888911    
   23.572538      -3.5045464    
   23.568470      -3.5202467    
   23.564375      -3.5358987    
   23.560253      -3.5515842    
   23.556107      -3.5672693    
   23.551935      -3.5829692    
   23.547737      -3.5986154    
   23.543512      -3.6143322    
   23.539261      -3.6300049    
   23.534985      -3.6456785    
   23.530680      -3.6613536    
   23.526348      -3.6770694    
   23.521990      -3.6927261    
   23.517605      -3.7084045    
   23.513191      -3.7240982    
   23.508751      -3.7397833    
   23.504284      -3.7554860    
   23.499786      -3.7711797    
   23.495262      -3.7868640    
   23.490709      -3.8025656    
   23.486128      -3.8182702    
   23.481518      -3.8339641    
   23.476879      -3.8496644    
   23.472212      -3.8653736    
   23.467514      -3.8810952    
   23.462788      -3.8967834    
   23.458033      -3.9124932    
   23.453247      -3.9282081    
   23.448431      -3.9439325    
   23.443586      -3.9596250    
   23.438709      -3.9753606    
   23.433804      -3.9910574    
   23.428865      -4.0067835    
   23.423899      -4.0225048    
   23.418900      -4.0382195    
   23.413868      -4.0539484    
   23.408806      -4.0696707    
   23.403713      -4.0853939    
   23.398588      -4.1011267    
   23.393431      -4.1168599    
   23.388241      -4.1326060    
   23.383018      -4.1483378    
   23.377764      -4.1643095    
   23.372475      -4.1798072    
   23.367155      -4.1955833    
   23.361801      -4.2114511    
   23.356413      -4.2270312    
   23.350992      -4.2427907    
   23.345537      -4.2585554    
   23.340048      -4.2742934    
   23.334522      -4.2900457    
   23.328964      -4.3058624    
   23.323372      -4.3218555    
   23.317743      -4.3373227    
   23.312080      -4.3530917    
   23.306381      -4.3688579    
   23.300648      -4.3846302    
   23.294878      -4.4004006    
   23.289072      -4.4161773    
   23.283230      -4.4319510    
   23.277349      -4.4477210    
   23.271433      -4.4635105    
   23.265482      -4.4792876    
   23.259491      -4.4951019    
   23.253464      -4.5108705    
   23.247398      -4.5266609    
   23.241295      -4.5424895    
   23.235153      -4.5582891    
   23.228973      -4.5740604    
   23.222755      -4.5898533    
   23.216497      -4.6056690    
   23.210201      -4.6214786    
   23.203865      -4.6373553    
   23.197489      -4.6531272    
   23.191074      -4.6689491    
   23.184618      -4.6847491    
   23.178122      -4.7005677    
   23.171587      -4.7164102    
   23.165009      -4.7322307    
   23.158390      -4.7480745    
   23.151730      -4.7639194    
   23.145027      -4.7797699    
   23.138285      -4.7956033    
   23.131498      -4.8114438    
   23.124670      -4.8272920    
   23.117800      -4.8431892    
   23.110886      -4.8590093    
   23.103930      -4.8748693    
   23.096928      -4.8907342    
   23.089884      -4.9065948    
   23.082794      -4.9224830    
   23.075661      -4.9383559    
   23.068485      -4.9542351    
   23.061262      -4.9701343    
   23.053993      -4.9860134    
   23.046680      -5.0018969    
   23.039322      -5.0178242    
   23.031918      -5.0337024    
   23.024466      -5.0496192    
   23.016968      -5.0655150    
   23.009424      -5.0814314    
   23.001831      -5.0973468    
   22.994192      -5.1134548    
   22.986506      -5.1291947    
   22.978769      -5.1451521    
   22.970985      -5.1610732    
   22.963154      -5.1770043    
   22.955273      -5.1929684    
   22.947342      -5.2088985    
   22.939362      -5.2248659    
   22.931332      -5.2408156    
   22.923250      -5.2567768    
   22.915119      -5.2727728    
   22.906939      -5.2887163    
   22.898706      -5.3046970    
   22.890421      -5.3206830    
   22.882084      -5.3367376    
   22.873695      -5.3526630    
   22.865255      -5.3686657    
   22.856762      -5.3846769    
   22.848215      -5.4006786    
   22.839615      -5.4166980    
   22.830959      -5.4327331    
   22.822252      -5.4489436    
   22.813490      -5.4648094    
   22.804672      -5.4808087    
   22.795799      -5.4985909    
   22.786871      -5.5129123    
   22.777887      -5.5289602    
   22.768847      -5.5450273    
   22.759750      -5.5611391    
   22.750595      -5.5771670    
   22.741385      -5.5932503    
   22.732117      -5.6093378    
   22.722790      -5.6254630    
   22.713406      -5.6415272    
   22.703960      -5.6576385    
   22.694458      -5.6737461    
   22.684896      -5.6898704    
   22.675276      -5.7060556    
   22.665592      -5.7221355    
   22.655849      -5.7382836    
   22.646046      -5.7544165    
   22.636181      -5.7705698    
   22.626255      -5.7867360    
   22.616266      -5.8028979    
   22.606215      -5.8191094    
   22.596100      -5.8352590    
   22.585922      -5.8514504    
   22.575682      -5.8676448    
   22.565376      -5.8838596    
   22.555008      -5.9000716    
   22.544573      -5.9163208    
   22.534073      -5.9325199    
   22.523508      -5.9488001    
   22.512877      -5.9650145    
   22.502178      -5.9812622    
   22.491413      -5.9975338    
   22.480579      -6.0137897    
   22.469681      -6.0300903    
   22.458714      -6.0464702    
   22.447676      -6.0626645    
   22.436569      -6.0789614    
   22.425394      -6.0952959    
   22.414150      -6.1115966    
   22.402834      -6.1279278    
   22.391447      -6.1442742    
   22.379990      -6.1606221    
   22.368460      -6.1769919    
   22.356859      -6.1933513    
   22.345184      -6.2097330    
   22.333439      -6.2261162    
   22.321617      -6.2425189    
   22.309723      -6.2589502    
   22.297754      -6.2753477    
   22.285711      -6.2917976    
   22.273592      -6.3082161    
   22.261396      -6.3246694    
   22.249125      -6.3411274    
   22.236778      -6.3575959    
   22.224354      -6.3740764    
   22.211849      -6.3905797    
   22.199268      -6.4070787    
   22.186607      -6.4236155    
   22.173870      -6.4401164    
   22.161053      -6.4566584    
   22.148153      -6.4733887    
   22.135172      -6.4897633    
   22.122112      -6.5064611    
   22.108969      -6.5229282    
   22.095745      -6.5395136    
   22.082438      -6.5561228    
   22.069048      -6.5727406    
   22.055573      -6.5893903    
   22.042013      -6.6060205    
   22.028372      -6.6227045    
   22.014643      -6.6393452    
   22.000828      -6.6560287    
   21.986925      -6.6727309    
   21.972939      -6.6894374    
   21.958862      -6.7061639    
   21.944698      -6.7228985    
   21.930447      -6.7396498    
   21.916105      -6.7564106    
   21.901674      -6.7731905    
   21.887154      -6.7899785    
   21.872541      -6.8067861    
   21.857838      -6.8236084    
   21.843040      -6.8404360    
   21.828154      -6.8572893    
   21.813173      -6.8741550    
   21.798098      -6.8910284    
   21.782928      -6.9079237    
   21.767664      -6.9248395    
   21.752304      -6.9417610    
   21.736849      -6.9587026    
   21.721296      -6.9756494    
   21.705647      -6.9926310    
   21.689899      -7.0096102    
   21.674051      -7.0266190    
   21.658108      -7.0436330    
   21.642063      -7.0606771    
   21.625917      -7.0777264    
   21.609671      -7.0947971    
   21.593323      -7.1118832    
   21.576874      -7.1289878    
   21.560320      -7.1461082    
   21.543663      -7.1632524    
   21.526901      -7.1804185    
   21.510036      -7.1975827    
   21.493065      -7.2147765    
   21.475988      -7.2319889    
   21.458803      -7.2492323    
   21.441511      -7.2664747    
   21.424110      -7.2837362    
   21.406603      -7.3010454    
   21.388985      -7.3183293    
   21.371258      -7.3356624    
   21.353416      -7.3530045    
   21.335464      -7.3703690    
   21.317402      -7.3877544    
   21.299227      -7.4051633    
   21.280937      -7.4225855    
   21.262531      -7.4400291    
   21.244013      -7.4574947    
   21.225376      -7.4749832    
   21.206627      -7.4924917    
   21.187757      -7.5100241    
   21.168770      -7.5275731    
   21.149662      -7.5451517    
   21.130436      -7.5627728    
   21.111094      -7.5803680    
   21.091625      -7.5980139    
   21.072037      -7.6156693    
   21.052326      -7.6333585    
   21.032490      -7.6510687    
   21.012533      -7.6688032    
   20.992451      -7.6865649    
   20.972240      -7.7046533    
   20.951904      -7.7221565    
   20.931442      -7.7399821    
   20.910852      -7.7578239    
   20.890133      -7.7757039    
   20.869284      -7.7936134    
   20.848305      -7.8115406    
   20.827192      -7.8294916    
   20.805952      -7.8474708    
   20.784576      -7.8654766    
   20.763065      -7.8835473    
   20.741421      -7.9015832    
   20.719643      -7.9196520    
   20.697729      -7.9377947    
   20.675674      -7.9559121    
   20.653484      -7.9740705    
   20.631155      -7.9922657    
   20.608685      -8.0104904    
   20.586075      -8.0287428    
   20.563326      -8.0470181    
   20.540432      -8.0653334    
   20.517395      -8.0836649    
   20.494213      -8.1020346    
   20.470888      -8.1204300    
   20.447418      -8.1388521    
   20.423800      -8.1573095    
   20.400032      -8.1757975    
   20.376118      -8.1943159    
   20.352053      -8.2128639    
   20.327841      -8.2314463    
   20.303473      -8.2500515    
   20.278954      -8.2686996    
   20.254280      -8.2873726    
   20.229454      -8.3060789    
   20.204475      -8.3248177    
   20.179337      -8.3435926    
   20.154039      -8.3624086    
   20.128586      -8.3812408    
   20.102972      -8.4001284    
   20.077202      -8.4190226    
   20.051266      -8.4379663    
   20.025169      -8.4569492    
   19.998909      -8.4759579    
   19.972485      -8.4950075    
   19.945898      -8.5141039    
   19.919142      -8.5332136    
   19.892218      -8.5523882    
   19.865126      -8.5715637    
   19.837864      -8.5907984    
   19.810436      -8.6100626    
   19.782833      -8.6293678    
   19.755056      -8.6487198    
   19.727106      -8.6681023    
   19.698982      -8.6875238    
   19.670683      -8.7069845    
   19.642206      -8.7264814    
   19.613550      -8.7460241    
   19.584715      -8.7656078    
   19.555698      -8.7852268    
   19.526505      -8.8048878    
   19.497126      -8.8246021    
   19.467562      -8.8443403    
   19.437813      -8.8641281    
   19.407879      -8.8839617    
   19.377758      -8.9038343    
   19.347450      -8.9237556    
   19.316950      -8.9437084    
   19.286259      -8.9637136    
   19.255377      -8.9837637    
   19.224300      -9.0038605    
   19.193035      -9.0239935    
   19.161568      -9.0441837    
   19.129906      -9.0644102    
   19.098045      -9.0846853    
   19.065987      -9.1050100    
   19.033730      -9.1253777    
   19.001266      -9.1458340    
   18.968601      -9.1662645    
   18.935730      -9.1867790    
   18.902657      -9.2073431    
   18.869377      -9.2279539    
   18.835888      -9.2486172    
   18.802187      -9.2693319    
   18.768276      -9.2901001    
   18.734154      -9.3109159    
   18.699821      -9.3317776    
   18.665270      -9.3526974    
   18.630503      -9.3736706    
   18.595518      -9.3946934    
   18.560314      -9.4157743    
   18.524895      -9.4369040    
   18.489248      -9.4580908    
   18.453381      -9.4793320    
   18.417288      -9.5006313    
   18.380968      -9.5219822    
   18.344429      -9.5433931    
   18.307653      -9.5648756    
   18.270649      -9.5863800    
   18.233414      -9.6079578    
   18.195944      -9.6296034    
   18.158245      -9.6513004    
   18.120306      -9.6730576    
   18.082130      -9.6948786    
   18.043715      -9.7167473    
   18.005058      -9.7386894    
   17.966167      -9.7606888    
   17.927025      -9.7827463    
   17.887640      -9.8048754    
   17.848009      -9.8270597    
   17.808128      -9.8493137    
   17.768000      -9.8716297    
   17.727623      -9.8940096    
   17.686993      -9.9164543    
   17.646105      -9.9389677    
   17.604961      -9.9615469    
   17.563560      -9.9842005    
   17.521908      -10.006907    
   17.479988      -10.029699    
   17.437805      -10.052541    
   17.395359      -10.075464    
   17.352648      -10.098459    
   17.309675      -10.121516    
   17.266428      -10.144653    
   17.222910      -10.167865    
   17.179119      -10.191138    
   17.135056      -10.214488    
   17.090721      -10.237916    
   17.046104      -10.261418    
   17.001207      -10.284995    
   16.956032      -10.308647    
   16.910572      -10.332380    
   16.864834      -10.356186    
   16.818802      -10.380077    
   16.772484      -10.404039    
   16.725876      -10.428086    
   16.678978      -10.452217    
   16.631790      -10.476417    
   16.584303      -10.500706    
   16.536518      -10.525078    
   16.488434      -10.549533    
   16.440048      -10.574073    
   16.391367      -10.598695    
   16.342375      -10.623408    
   16.293077      -10.648207    
   16.243471      -10.673089    
   16.193554      -10.698069    
   16.143330      -10.723124    
   16.092785      -10.748277    
   16.041927      -10.773522    
   15.990748      -10.798855    
   15.939251      -10.824281    
   15.887437      -10.849799    
   15.835293      -10.875416    
   15.782822      -10.901125    
   15.730023      -10.926931    
   15.676894      -10.952840    
   15.623433      -10.978839    
   15.569643      -11.004937    
   15.515511      -11.031137    
   15.461040      -11.057440    
   15.406228      -11.083841    
   15.351074      -11.110348    
   15.295581      -11.136955    
   15.239735      -11.163682    
   15.183538      -11.190491    
   15.126990      -11.217419    
   15.070089      -11.244455    
   15.012839      -11.271596    
   14.955224      -11.298851    
   14.897247      -11.326219    
   14.838909      -11.353697    
   14.780206      -11.381289    
   14.721143      -11.408993    
   14.661702      -11.436816    
   14.601890      -11.464756    
   14.541703      -11.492815    
   14.481141      -11.520994    
   14.420207      -11.549288    
   14.358884      -11.577708    
   14.297177      -11.606252    
   14.235085      -11.634920    
   14.172605      -11.663713    
   14.109740      -11.692630    
   14.046476      -11.721680    
   13.982815      -11.750859    
   13.918756      -11.780169    
   13.854297      -11.809612    
   13.789442      -11.839185    
   13.724174      -11.868899    
   13.658497      -11.898748    
   13.592409      -11.928736    
   13.525908      -11.958862    
   13.458999      -11.989128    
   13.391664      -12.019542    
   13.323907      -12.050098    
   13.255726      -12.080802    
   13.187119      -12.111653    
   13.118091      -12.142652    
   13.048622      -12.173803    
   12.978720      -12.205108    
   12.908380      -12.236568    
   12.837599      -12.268189    
   12.766376      -12.299960    
   12.694716      -12.331893    
   12.622600      -12.363996    
   12.550033      -12.396250    
   12.477011      -12.428679    
   12.403532      -12.461273    
   12.329603      -12.494038    
   12.255202      -12.526972    
   12.180336      -12.560081    
   12.105001      -12.593369    
   12.029196      -12.626836    
   11.952926      -12.660478    
   11.876168      -12.694307    
   11.798932      -12.728319    
   11.721210      -12.762521    
   11.643004      -12.796910    
   11.564318      -12.831488    
   11.485129      -12.866264    
   11.405447      -12.901238    
   11.325264      -12.936411    
   11.244581      -12.971786    
   11.163403      -13.007361    
   11.081708      -13.043148    
   10.999499      -13.079146    
   10.916780      -13.115362    
   10.833541      -13.151784    
   10.749790      -13.188424    
   10.665507      -13.225291    
   10.580697      -13.262381    
   10.495356      -13.299697    
   10.409481      -13.337244    
   10.323079      -13.375029    
   10.236127      -13.413039    
   10.148630      -13.451303    
   10.060586      -13.489799    
   9.9719915      -13.528545    
   9.8828535      -13.567541    
   9.7931471      -13.606794    
   9.7028780      -13.646301    
   9.6120472      -13.686066    
   9.5206461      -13.726094    
   9.4286842      -13.766392    
   9.3361378      -13.806961    
   9.2430105      -13.847798    
   9.1493006      -13.888919    
   9.0550070      -13.930319    
   8.9601212      -13.972004    
   8.8646536      -14.013969    
   8.7685776      -14.056231    
   8.6719017      -14.098786    
   8.5746193      -14.141639    
   8.4767284      -14.184790    
   8.3782377      -14.228235    
   8.2791185      -14.271988    
   8.1793804      -14.316045    
   8.0790176      -14.360409    
   7.9780273      -14.405078    
   7.8764172      -14.450045    
   7.7741585      -14.495321    
   7.6712608      -14.540898    
   7.5677204      -14.586772    
   7.4635315      -14.632936    
   7.3587017      -14.679379    
   7.2532063      -14.726101    
   7.1470509      -14.773086    
   7.0402298      -14.820318    
   6.9327412      -14.867778    
   6.8245907      -14.915440    
   6.7157555      -14.963286    
   6.6062355      -15.011278    
   6.4960327      -15.059381    
   6.3851376      -15.107548    
   6.2735653      -15.155721    
   6.1612797      -15.203851    
   6.0482922      -15.251863    
   5.9345989      -15.299676    
   5.8201942      -15.347203    
   5.7050858      -15.394339    
   5.5892467      -15.440988    
   5.4726810      -15.487021    
   5.3553867      -15.532325    
   5.2373581      -15.576771    
   5.1186047      -15.620237    
   4.9990959      -15.662625    
   4.8788376      -15.703848    
   4.7578278      -15.743859    
   4.6360607      -15.782671    
   4.5135479      -15.820372    
   4.3902531      -15.857180    
   4.2661877      -15.893426    
   4.1413460      -15.929660    
   4.0157223      -15.966655    
   3.8893127      -16.005491    
   3.7621288      -16.047617    
   3.6341343      -16.094976    
   3.5053368      -16.150095    
   3.3757362      -16.216253    
   3.2453232      -16.297720    
   3.1141109      -16.400011    
   2.9820633      -16.530378    
   2.8491879      -16.698313    
   2.7154808      -16.916338    
   2.5809383      -17.201265    
   2.4455700      -17.575649    
   2.3093395      -18.070318    
   2.1722546      -18.727716    
   2.0343151      -19.608324    
   1.8955116      -20.792818    
   1.7558556      -22.408693    
   1.6153107      -24.650980    
   1.4738846      -24.650980    
