1 0.0385961239158514879 -1.70878793211012159  -0.83597964652828971  -1.43608656727496187 0.486376241735876902  -0.00398557495230810778  0.183502620965369373
2 0.0375066522050486045 0.67109491584231229  0.132153813195559994  1.96824916565943786 -0.161669995916482567  0.410792147907223737  -0.747261095041401924
3 0.0249456399753776696 -0.377936405651055185  0.5919285513089384  0.723838333891113739 0.0319318443052547668  0.220819378969076496  -0.518182655323424668
4 0.0335016117165729682 -0.182570400315098663  0.118109487915552994  0.580034485318589921 -0.989885988414242357  -0.0105607687403416247  0.0540444216163752517
5 0.149911773126051057 0.084512652110989378  -0.643303793566055715  0.124679793427080882 0.144991057271517843  -0.682162056265957384  -0.381854442804854699
6 0.0261751389996367004 0.862912490549671896  -0.113509143846319535  0.226442358225642265 0.609179810424776536  0.450769885145397009  0.249520269931011146
7 0.0289712405468229572 -1.85790371871360582  1.5688281524365284  -3.21757644385453379 0.00828204249582330763  0.454201961763708029  0.0359045178946149068
8 0.02697043913845679 -0.328032591314985633  0.69085163074823841  0.318277979590402327 0.745909882833621585  -0.261538471668079864  0.543459327541436221
9 0.0275155928022847648 1.10288346056107356  0.623027434705793359  0.747925650017738808 -0.526664330460833274  0.274795402647686871  0.299902079597769822
10 0.0205295649027773114 -0.223136024812840283  0.0199146537209401592  -0.0334853999614641365 0.641317823363025341  0.25887763473624481  0.395544243165371068
11 0.0273918860935811435 0.046128594381323676  0.396263416935965118  -0.0725351613041582549 -0.231272054022457235  0.309521137245172828  0.0142095088588582406
12 0.0788935963732669832 0.260364703480834347  0.325011121583101692  -0.423214462205499797 -0.796538118264679129  -0.169041578305346413  0.331901059893556061
13 0.123250945163730238 0.233235878353434317  -0.236722307012387695  0.0614736001999066362 -0.204880241312344086  -0.289058415433874782  0.185527386233691055
14 0.0382852350603053448 0.859837646731570704  0.714402795825956671  -1.19121315353378154 0.0873280746083864717  -0.0654994994034922423  -0.140490449533495793
15 0.0350604963915833873 -0.849830149051594708  -0.651623373563994246  0.295882210051851557 0.351025820532420985  0.114301292266439661  0.540440817424841069
16 0.135692932048116555 0.0887390059155001992  0.164510698742605072  0.175889578383467693 -0.126634636739422685  0.54482572466312873  -0.171649668917030818
17 0.0275104853620855988 -1.48521312844971742  -0.132889531215123757  -0.220120169940181631 0.591712124953068352  -0.191449604563861009  -0.45463663470250576
18 0.0329773011723835247 0.0220950093489667432  -0.451038938147723445  0.0642717223265655141 0.227518615187740414  -0.684867391999850139  0.017432596674055785
19 0.043516828433566232 0.413899695655589095  -0.671991024941623327  0.283120419726195394 0.0925152645682619651  0.499845506138875406  -0.21757780863346296
20 0.0427965165725005328 0.33600899652019689  0.93433480694239468  0.350936276823889171 0.726662227791475712  0.519486103855267278  0.756752681895353718

