  199   20   12    2    1    1    0    1
    1    5    1    1    0    0    0
 5001    2    0    0   12 5000
 1.0E-06 1.0E-02 1.0E-07 0.5E-02 2.5E-01 1.0E+00 4.0E+00 1.0E+00
   5   6   0   3   1  52   1   0   0   0
  7  8  4  5  3  9 10 16 11  1  2  6  0  0  0  0  0  0  0  0
  0  0  0  0  0  0  0  0  0  0  0  0  0  0  0  0  0  0  0  0
  1  2  3  4  5 13  6  7  8  9 10  0  0  0  0  0  0  0  0  0
  0  0  0  0  0  0  0  0  0  0  0  0  0  0  0  0  0  0  0  0
  1  2  3  4  5 13  6  7  8  6  7  8  0  0  0  0  0  0  0  0
  0  0  0  0  0  0  0  0  0  0  0  0  0  0  0  0  0  0  0  0
   0   0   0   0   0   0   0   0   0   0
  0  0  0  0  0  0  0  0  0  0  0  0  0  0  0  0  0  0  0  0
  0  0  0  0  0  0  0  0  0  0  0  0  0  0  0  0  0  0  0  0
  0  0  0  0  0  0  0  0  0  0  0  0  0  0  0  0  0  0  0  0
  0  0  0  0  0  0  0  0  0  0  0  0  0  0  0  0  0  0  0  0
  0  0  0  0  0  0  0  0  0  0  0  0  0  0  0  0  0  0  0  0
  0  0  0  0  0  0  0  0  0  0  0  0  0  0  0  0  0  0  0  0
  2  3  4  8  9 10 11 12 17 18 19 20 21 24 26
  9 10 11 12 13 14 15 16  8 29 30 24  0  0  0
 27 28 31 32 33 34 35 36  5  1  6 24  0  0  0
 12
  1  2  3  5  6  7 25 26 27 29 30 31  0  0  0  0  0  0  0  0
  0  0  0  0  0  0  0  0  0  0  0  0  0  0  0  0  0  0  0  0
 0.80 1.20 0.30 0.00 0.00 0.05 0.05 0.15 0.02 0.45 1.0E-04 1.0E+15 2.0E+04
 0.176 0.052 0.502 0.092 0.034 0.072 0.072
 2.00E+00 1.00E-01 1.20E-01 1.20E-01 1.00E-02 1.00E-01 1.00E-02 1.00E+02 1.00E-06
 0.00E+00 0.00E+00 1.00E-06 0.00E+00 0.00E+00 0.00E+00 0.00E+00 0.00E+00 0.00E+00
 0.00E+00 0.00E+00 0.00E+00 0.00E+00 1.00E-02 1.00E+00 0.00E+00 0.00E+00 0.00E+00
 0.00E+00 0.00E+00 0.00E+00 0.00E+00 0.00E+00 0.00E+00 0.00E+00 0.00E+00 0.00E+00
 0.00E+00 0.00E+00 0.00E+00 0.00E+00 0.00E+00 0.00E+00 0.00E+00 0.00E+00 0.00E+00

