 Entrer le temps:
    0.24500000000000
   i       r         u         rho         p          e
    1  4.883E-04  0.000E+00  1.000E+00  1.000E+00  2.500E+00
    2  1.465E-03  0.000E+00  1.000E+00  1.000E+00  2.500E+00
    3  2.441E-03  0.000E+00  1.000E+00  1.000E+00  2.500E+00
    4  3.418E-03  0.000E+00  1.000E+00  1.000E+00  2.500E+00
    5  4.395E-03  0.000E+00  1.000E+00  1.000E+00  2.500E+00
    6  5.371E-03  0.000E+00  1.000E+00  1.000E+00  2.500E+00
    7  6.348E-03  0.000E+00  1.000E+00  1.000E+00  2.500E+00
    8  7.324E-03  0.000E+00  1.000E+00  1.000E+00  2.500E+00
    9  8.301E-03  0.000E+00  1.000E+00  1.000E+00  2.500E+00
   10  9.277E-03  0.000E+00  1.000E+00  1.000E+00  2.500E+00
   11  1.025E-02  0.000E+00  1.000E+00  1.000E+00  2.500E+00
   12  1.123E-02  0.000E+00  1.000E+00  1.000E+00  2.500E+00
   13  1.221E-02  0.000E+00  1.000E+00  1.000E+00  2.500E+00
   14  1.318E-02  0.000E+00  1.000E+00  1.000E+00  2.500E+00
   15  1.416E-02  0.000E+00  1.000E+00  1.000E+00  2.500E+00
   16  1.514E-02  0.000E+00  1.000E+00  1.000E+00  2.500E+00
   17  1.611E-02  0.000E+00  1.000E+00  1.000E+00  2.500E+00
   18  1.709E-02  0.000E+00  1.000E+00  1.000E+00  2.500E+00
   19  1.807E-02  0.000E+00  1.000E+00  1.000E+00  2.500E+00
   20  1.904E-02  0.000E+00  1.000E+00  1.000E+00  2.500E+00
   21  2.002E-02  0.000E+00  1.000E+00  1.000E+00  2.500E+00
   22  2.100E-02  0.000E+00  1.000E+00  1.000E+00  2.500E+00
   23  2.197E-02  0.000E+00  1.000E+00  1.000E+00  2.500E+00
   24  2.295E-02  0.000E+00  1.000E+00  1.000E+00  2.500E+00
   25  2.393E-02  0.000E+00  1.000E+00  1.000E+00  2.500E+00
   26  2.490E-02  0.000E+00  1.000E+00  1.000E+00  2.500E+00
   27  2.588E-02  0.000E+00  1.000E+00  1.000E+00  2.500E+00
   28  2.686E-02  0.000E+00  1.000E+00  1.000E+00  2.500E+00
   29  2.783E-02  0.000E+00  1.000E+00  1.000E+00  2.500E+00
   30  2.881E-02  0.000E+00  1.000E+00  1.000E+00  2.500E+00
   31  2.979E-02  0.000E+00  1.000E+00  1.000E+00  2.500E+00
   32  3.076E-02  0.000E+00  1.000E+00  1.000E+00  2.500E+00
   33  3.174E-02  0.000E+00  1.000E+00  1.000E+00  2.500E+00
   34  3.271E-02  0.000E+00  1.000E+00  1.000E+00  2.500E+00
   35  3.369E-02  0.000E+00  1.000E+00  1.000E+00  2.500E+00
   36  3.467E-02  0.000E+00  1.000E+00  1.000E+00  2.500E+00
   37  3.564E-02  0.000E+00  1.000E+00  1.000E+00  2.500E+00
   38  3.662E-02  0.000E+00  1.000E+00  1.000E+00  2.500E+00
   39  3.760E-02  0.000E+00  1.000E+00  1.000E+00  2.500E+00
   40  3.857E-02  0.000E+00  1.000E+00  1.000E+00  2.500E+00
   41  3.955E-02  0.000E+00  1.000E+00  1.000E+00  2.500E+00
   42  4.053E-02  0.000E+00  1.000E+00  1.000E+00  2.500E+00
   43  4.150E-02  0.000E+00  1.000E+00  1.000E+00  2.500E+00
   44  4.248E-02  0.000E+00  1.000E+00  1.000E+00  2.500E+00
   45  4.346E-02  0.000E+00  1.000E+00  1.000E+00  2.500E+00
   46  4.443E-02  0.000E+00  1.000E+00  1.000E+00  2.500E+00
   47  4.541E-02  0.000E+00  1.000E+00  1.000E+00  2.500E+00
   48  4.639E-02  0.000E+00  1.000E+00  1.000E+00  2.500E+00
   49  4.736E-02  0.000E+00  1.000E+00  1.000E+00  2.500E+00
   50  4.834E-02  0.000E+00  1.000E+00  1.000E+00  2.500E+00
   51  4.932E-02  0.000E+00  1.000E+00  1.000E+00  2.500E+00
   52  5.029E-02  0.000E+00  1.000E+00  1.000E+00  2.500E+00
   53  5.127E-02  0.000E+00  1.000E+00  1.000E+00  2.500E+00
   54  5.225E-02  0.000E+00  1.000E+00  1.000E+00  2.500E+00
   55  5.322E-02  0.000E+00  1.000E+00  1.000E+00  2.500E+00
   56  5.420E-02  0.000E+00  1.000E+00  1.000E+00  2.500E+00
   57  5.518E-02  0.000E+00  1.000E+00  1.000E+00  2.500E+00
   58  5.615E-02  0.000E+00  1.000E+00  1.000E+00  2.500E+00
   59  5.713E-02  0.000E+00  1.000E+00  1.000E+00  2.500E+00
   60  5.811E-02  0.000E+00  1.000E+00  1.000E+00  2.500E+00
   61  5.908E-02  0.000E+00  1.000E+00  1.000E+00  2.500E+00
   62  6.006E-02  0.000E+00  1.000E+00  1.000E+00  2.500E+00
   63  6.104E-02  0.000E+00  1.000E+00  1.000E+00  2.500E+00
   64  6.201E-02  0.000E+00  1.000E+00  1.000E+00  2.500E+00
   65  6.299E-02  0.000E+00  1.000E+00  1.000E+00  2.500E+00
   66  6.396E-02  0.000E+00  1.000E+00  1.000E+00  2.500E+00
   67  6.494E-02  0.000E+00  1.000E+00  1.000E+00  2.500E+00
   68  6.592E-02  0.000E+00  1.000E+00  1.000E+00  2.500E+00
   69  6.689E-02  0.000E+00  1.000E+00  1.000E+00  2.500E+00
   70  6.787E-02  0.000E+00  1.000E+00  1.000E+00  2.500E+00
   71  6.885E-02  0.000E+00  1.000E+00  1.000E+00  2.500E+00
   72  6.982E-02  0.000E+00  1.000E+00  1.000E+00  2.500E+00
   73  7.080E-02  0.000E+00  1.000E+00  1.000E+00  2.500E+00
   74  7.178E-02  0.000E+00  1.000E+00  1.000E+00  2.500E+00
   75  7.275E-02  0.000E+00  1.000E+00  1.000E+00  2.500E+00
   76  7.373E-02  0.000E+00  1.000E+00  1.000E+00  2.500E+00
   77  7.471E-02  0.000E+00  1.000E+00  1.000E+00  2.500E+00
   78  7.568E-02  0.000E+00  1.000E+00  1.000E+00  2.500E+00
   79  7.666E-02  0.000E+00  1.000E+00  1.000E+00  2.500E+00
   80  7.764E-02  0.000E+00  1.000E+00  1.000E+00  2.500E+00
   81  7.861E-02  0.000E+00  1.000E+00  1.000E+00  2.500E+00
   82  7.959E-02  0.000E+00  1.000E+00  1.000E+00  2.500E+00
   83  8.057E-02  0.000E+00  1.000E+00  1.000E+00  2.500E+00
   84  8.154E-02  0.000E+00  1.000E+00  1.000E+00  2.500E+00
   85  8.252E-02  0.000E+00  1.000E+00  1.000E+00  2.500E+00
   86  8.350E-02  0.000E+00  1.000E+00  1.000E+00  2.500E+00
   87  8.447E-02  0.000E+00  1.000E+00  1.000E+00  2.500E+00
   88  8.545E-02  0.000E+00  1.000E+00  1.000E+00  2.500E+00
   89  8.643E-02  0.000E+00  1.000E+00  1.000E+00  2.500E+00
   90  8.740E-02  0.000E+00  1.000E+00  1.000E+00  2.500E+00
   91  8.838E-02  0.000E+00  1.000E+00  1.000E+00  2.500E+00
   92  8.936E-02  0.000E+00  1.000E+00  1.000E+00  2.500E+00
   93  9.033E-02  0.000E+00  1.000E+00  1.000E+00  2.500E+00
   94  9.131E-02  0.000E+00  1.000E+00  1.000E+00  2.500E+00
   95  9.229E-02  0.000E+00  1.000E+00  1.000E+00  2.500E+00
   96  9.326E-02  0.000E+00  1.000E+00  1.000E+00  2.500E+00
   97  9.424E-02  0.000E+00  1.000E+00  1.000E+00  2.500E+00
   98  9.521E-02  0.000E+00  1.000E+00  1.000E+00  2.500E+00
   99  9.619E-02  0.000E+00  1.000E+00  1.000E+00  2.500E+00
  100  9.717E-02  0.000E+00  1.000E+00  1.000E+00  2.500E+00
  101  9.814E-02  0.000E+00  1.000E+00  1.000E+00  2.500E+00
  102  9.912E-02  0.000E+00  1.000E+00  1.000E+00  2.500E+00
  103  1.001E-01  0.000E+00  1.000E+00  1.000E+00  2.500E+00
  104  1.011E-01  0.000E+00  1.000E+00  1.000E+00  2.500E+00
  105  1.021E-01  0.000E+00  1.000E+00  1.000E+00  2.500E+00
  106  1.030E-01  0.000E+00  1.000E+00  1.000E+00  2.500E+00
  107  1.040E-01  0.000E+00  1.000E+00  1.000E+00  2.500E+00
  108  1.050E-01  0.000E+00  1.000E+00  1.000E+00  2.500E+00
  109  1.060E-01  0.000E+00  1.000E+00  1.000E+00  2.500E+00
  110  1.069E-01  0.000E+00  1.000E+00  1.000E+00  2.500E+00
  111  1.079E-01  0.000E+00  1.000E+00  1.000E+00  2.500E+00
  112  1.089E-01  0.000E+00  1.000E+00  1.000E+00  2.500E+00
  113  1.099E-01  0.000E+00  1.000E+00  1.000E+00  2.500E+00
  114  1.108E-01  0.000E+00  1.000E+00  1.000E+00  2.500E+00
  115  1.118E-01  0.000E+00  1.000E+00  1.000E+00  2.500E+00
  116  1.128E-01  0.000E+00  1.000E+00  1.000E+00  2.500E+00
  117  1.138E-01  0.000E+00  1.000E+00  1.000E+00  2.500E+00
  118  1.147E-01  0.000E+00  1.000E+00  1.000E+00  2.500E+00
  119  1.157E-01  0.000E+00  1.000E+00  1.000E+00  2.500E+00
  120  1.167E-01  0.000E+00  1.000E+00  1.000E+00  2.500E+00
  121  1.177E-01  0.000E+00  1.000E+00  1.000E+00  2.500E+00
  122  1.187E-01  0.000E+00  1.000E+00  1.000E+00  2.500E+00
  123  1.196E-01  0.000E+00  1.000E+00  1.000E+00  2.500E+00
  124  1.206E-01  0.000E+00  1.000E+00  1.000E+00  2.500E+00
  125  1.216E-01  0.000E+00  1.000E+00  1.000E+00  2.500E+00
  126  1.226E-01  0.000E+00  1.000E+00  1.000E+00  2.500E+00
  127  1.235E-01  0.000E+00  1.000E+00  1.000E+00  2.500E+00
  128  1.245E-01  0.000E+00  1.000E+00  1.000E+00  2.500E+00
  129  1.255E-01  0.000E+00  1.000E+00  1.000E+00  2.500E+00
  130  1.265E-01  0.000E+00  1.000E+00  1.000E+00  2.500E+00
  131  1.274E-01  0.000E+00  1.000E+00  1.000E+00  2.500E+00
  132  1.284E-01  0.000E+00  1.000E+00  1.000E+00  2.500E+00
  133  1.294E-01  0.000E+00  1.000E+00  1.000E+00  2.500E+00
  134  1.304E-01  0.000E+00  1.000E+00  1.000E+00  2.500E+00
  135  1.313E-01  0.000E+00  1.000E+00  1.000E+00  2.500E+00
  136  1.323E-01  0.000E+00  1.000E+00  1.000E+00  2.500E+00
  137  1.333E-01  0.000E+00  1.000E+00  1.000E+00  2.500E+00
  138  1.343E-01  0.000E+00  1.000E+00  1.000E+00  2.500E+00
  139  1.353E-01  0.000E+00  1.000E+00  1.000E+00  2.500E+00
  140  1.362E-01  0.000E+00  1.000E+00  1.000E+00  2.500E+00
  141  1.372E-01  0.000E+00  1.000E+00  1.000E+00  2.500E+00
  142  1.382E-01  0.000E+00  1.000E+00  1.000E+00  2.500E+00
  143  1.392E-01  0.000E+00  1.000E+00  1.000E+00  2.500E+00
  144  1.401E-01  0.000E+00  1.000E+00  1.000E+00  2.500E+00
  145  1.411E-01  0.000E+00  1.000E+00  1.000E+00  2.500E+00
  146  1.421E-01  0.000E+00  1.000E+00  1.000E+00  2.500E+00
  147  1.431E-01  0.000E+00  1.000E+00  1.000E+00  2.500E+00
  148  1.440E-01  0.000E+00  1.000E+00  1.000E+00  2.500E+00
  149  1.450E-01  0.000E+00  1.000E+00  1.000E+00  2.500E+00
  150  1.460E-01  0.000E+00  1.000E+00  1.000E+00  2.500E+00
  151  1.470E-01  0.000E+00  1.000E+00  1.000E+00  2.500E+00
  152  1.479E-01  0.000E+00  1.000E+00  1.000E+00  2.500E+00
  153  1.489E-01  0.000E+00  1.000E+00  1.000E+00  2.500E+00
  154  1.499E-01  0.000E+00  1.000E+00  1.000E+00  2.500E+00
  155  1.509E-01  0.000E+00  1.000E+00  1.000E+00  2.500E+00
  156  1.519E-01  0.000E+00  1.000E+00  1.000E+00  2.500E+00
  157  1.528E-01  0.000E+00  1.000E+00  1.000E+00  2.500E+00
  158  1.538E-01  0.000E+00  1.000E+00  1.000E+00  2.500E+00
  159  1.548E-01  0.000E+00  1.000E+00  1.000E+00  2.500E+00
  160  1.558E-01  0.000E+00  1.000E+00  1.000E+00  2.500E+00
  161  1.567E-01  0.000E+00  1.000E+00  1.000E+00  2.500E+00
  162  1.577E-01  0.000E+00  1.000E+00  1.000E+00  2.500E+00
  163  1.587E-01  0.000E+00  1.000E+00  1.000E+00  2.500E+00
  164  1.597E-01  0.000E+00  1.000E+00  1.000E+00  2.500E+00
  165  1.606E-01  0.000E+00  1.000E+00  1.000E+00  2.500E+00
  166  1.616E-01  0.000E+00  1.000E+00  1.000E+00  2.500E+00
  167  1.626E-01  0.000E+00  1.000E+00  1.000E+00  2.500E+00
  168  1.636E-01  0.000E+00  1.000E+00  1.000E+00  2.500E+00
  169  1.646E-01  0.000E+00  1.000E+00  1.000E+00  2.500E+00
  170  1.655E-01  0.000E+00  1.000E+00  1.000E+00  2.500E+00
  171  1.665E-01  0.000E+00  1.000E+00  1.000E+00  2.500E+00
  172  1.675E-01  0.000E+00  1.000E+00  1.000E+00  2.500E+00
  173  1.685E-01  0.000E+00  1.000E+00  1.000E+00  2.500E+00
  174  1.694E-01  0.000E+00  1.000E+00  1.000E+00  2.500E+00
  175  1.704E-01  0.000E+00  1.000E+00  1.000E+00  2.500E+00
  176  1.714E-01  0.000E+00  1.000E+00  1.000E+00  2.500E+00
  177  1.724E-01  0.000E+00  1.000E+00  1.000E+00  2.500E+00
  178  1.733E-01  0.000E+00  1.000E+00  1.000E+00  2.500E+00
  179  1.743E-01  0.000E+00  1.000E+00  1.000E+00  2.500E+00
  180  1.753E-01  0.000E+00  1.000E+00  1.000E+00  2.500E+00
  181  1.763E-01  0.000E+00  1.000E+00  1.000E+00  2.500E+00
  182  1.772E-01  0.000E+00  1.000E+00  1.000E+00  2.500E+00
  183  1.782E-01  0.000E+00  1.000E+00  1.000E+00  2.500E+00
  184  1.792E-01  0.000E+00  1.000E+00  1.000E+00  2.500E+00
  185  1.802E-01  0.000E+00  1.000E+00  1.000E+00  2.500E+00
  186  1.812E-01  0.000E+00  1.000E+00  1.000E+00  2.500E+00
  187  1.821E-01  0.000E+00  1.000E+00  1.000E+00  2.500E+00
  188  1.831E-01  0.000E+00  1.000E+00  1.000E+00  2.500E+00
  189  1.841E-01  0.000E+00  1.000E+00  1.000E+00  2.500E+00
  190  1.851E-01  0.000E+00  1.000E+00  1.000E+00  2.500E+00
  191  1.860E-01  0.000E+00  1.000E+00  1.000E+00  2.500E+00
  192  1.870E-01  0.000E+00  1.000E+00  1.000E+00  2.500E+00
  193  1.880E-01  0.000E+00  1.000E+00  1.000E+00  2.500E+00
  194  1.890E-01  0.000E+00  1.000E+00  1.000E+00  2.500E+00
  195  1.899E-01  0.000E+00  1.000E+00  1.000E+00  2.500E+00
  196  1.909E-01  0.000E+00  1.000E+00  1.000E+00  2.500E+00
  197  1.919E-01  0.000E+00  1.000E+00  1.000E+00  2.500E+00
  198  1.929E-01  0.000E+00  1.000E+00  1.000E+00  2.500E+00
  199  1.938E-01  0.000E+00  1.000E+00  1.000E+00  2.500E+00
  200  1.948E-01  0.000E+00  1.000E+00  1.000E+00  2.500E+00
  201  1.958E-01  0.000E+00  1.000E+00  1.000E+00  2.500E+00
  202  1.968E-01  0.000E+00  1.000E+00  1.000E+00  2.500E+00
  203  1.978E-01  0.000E+00  1.000E+00  1.000E+00  2.500E+00
  204  1.987E-01  0.000E+00  1.000E+00  1.000E+00  2.500E+00
  205  1.997E-01  0.000E+00  1.000E+00  1.000E+00  2.500E+00
  206  2.007E-01  0.000E+00  1.000E+00  1.000E+00  2.500E+00
  207  2.017E-01  0.000E+00  1.000E+00  1.000E+00  2.500E+00
  208  2.026E-01  0.000E+00  1.000E+00  1.000E+00  2.500E+00
  209  2.036E-01  0.000E+00  1.000E+00  1.000E+00  2.500E+00
  210  2.046E-01  0.000E+00  1.000E+00  1.000E+00  2.500E+00
  211  2.056E-01  0.000E+00  1.000E+00  1.000E+00  2.500E+00
  212  2.065E-01  0.000E+00  1.000E+00  1.000E+00  2.500E+00
  213  2.075E-01  0.000E+00  1.000E+00  1.000E+00  2.500E+00
  214  2.085E-01  0.000E+00  1.000E+00  1.000E+00  2.500E+00
  215  2.095E-01  0.000E+00  1.000E+00  1.000E+00  2.500E+00
  216  2.104E-01  1.147E-03  9.990E-01  9.986E-01  2.499E+00
  217  2.114E-01  4.468E-03  9.962E-01  9.947E-01  2.496E+00
  218  2.124E-01  7.790E-03  9.934E-01  9.908E-01  2.493E+00
  219  2.134E-01  1.111E-02  9.906E-01  9.869E-01  2.491E+00
  220  2.144E-01  1.443E-02  9.879E-01  9.830E-01  2.488E+00
  221  2.153E-01  1.775E-02  9.851E-01  9.792E-01  2.485E+00
  222  2.163E-01  2.108E-02  9.823E-01  9.753E-01  2.482E+00
  223  2.173E-01  2.440E-02  9.795E-01  9.715E-01  2.479E+00
  224  2.183E-01  2.772E-02  9.768E-01  9.677E-01  2.477E+00
  225  2.192E-01  3.104E-02  9.740E-01  9.638E-01  2.474E+00
  226  2.202E-01  3.436E-02  9.713E-01  9.600E-01  2.471E+00
  227  2.212E-01  3.768E-02  9.686E-01  9.563E-01  2.468E+00
  228  2.222E-01  4.101E-02  9.658E-01  9.525E-01  2.465E+00
  229  2.231E-01  4.433E-02  9.631E-01  9.487E-01  2.463E+00
  230  2.241E-01  4.765E-02  9.604E-01  9.450E-01  2.460E+00
  231  2.251E-01  5.097E-02  9.577E-01  9.412E-01  2.457E+00
  232  2.261E-01  5.429E-02  9.549E-01  9.375E-01  2.454E+00
  233  2.271E-01  5.761E-02  9.522E-01  9.338E-01  2.452E+00
  234  2.280E-01  6.094E-02  9.495E-01  9.301E-01  2.449E+00
  235  2.290E-01  6.426E-02  9.469E-01  9.264E-01  2.446E+00
  236  2.300E-01  6.758E-02  9.442E-01  9.227E-01  2.443E+00
  237  2.310E-01  7.090E-02  9.415E-01  9.191E-01  2.440E+00
  238  2.319E-01  7.422E-02  9.388E-01  9.154E-01  2.438E+00
  239  2.329E-01  7.754E-02  9.362E-01  9.118E-01  2.435E+00
  240  2.339E-01  8.087E-02  9.335E-01  9.082E-01  2.432E+00
  241  2.349E-01  8.419E-02  9.308E-01  9.045E-01  2.429E+00
  242  2.358E-01  8.751E-02  9.282E-01  9.009E-01  2.427E+00
  243  2.368E-01  9.083E-02  9.256E-01  8.974E-01  2.424E+00
  244  2.378E-01  9.415E-02  9.229E-01  8.938E-01  2.421E+00
  245  2.388E-01  9.747E-02  9.203E-01  8.902E-01  2.418E+00
  246  2.397E-01  1.008E-01  9.177E-01  8.867E-01  2.416E+00
  247  2.407E-01  1.041E-01  9.150E-01  8.831E-01  2.413E+00
  248  2.417E-01  1.074E-01  9.124E-01  8.796E-01  2.410E+00
  249  2.427E-01  1.108E-01  9.098E-01  8.761E-01  2.407E+00
  250  2.437E-01  1.141E-01  9.072E-01  8.726E-01  2.405E+00
  251  2.446E-01  1.174E-01  9.046E-01  8.691E-01  2.402E+00
  252  2.456E-01  1.207E-01  9.020E-01  8.656E-01  2.399E+00
  253  2.466E-01  1.240E-01  8.995E-01  8.621E-01  2.396E+00
  254  2.476E-01  1.274E-01  8.969E-01  8.587E-01  2.394E+00
  255  2.485E-01  1.307E-01  8.943E-01  8.552E-01  2.391E+00
  256  2.495E-01  1.340E-01  8.918E-01  8.518E-01  2.388E+00
  257  2.505E-01  1.373E-01  8.892E-01  8.484E-01  2.385E+00
  258  2.515E-01  1.407E-01  8.866E-01  8.450E-01  2.383E+00
  259  2.524E-01  1.440E-01  8.841E-01  8.416E-01  2.380E+00
  260  2.534E-01  1.473E-01  8.816E-01  8.382E-01  2.377E+00
  261  2.544E-01  1.506E-01  8.790E-01  8.348E-01  2.374E+00
  262  2.554E-01  1.539E-01  8.765E-01  8.315E-01  2.372E+00
  263  2.563E-01  1.573E-01  8.740E-01  8.281E-01  2.369E+00
  264  2.573E-01  1.606E-01  8.715E-01  8.248E-01  2.366E+00
  265  2.583E-01  1.639E-01  8.689E-01  8.215E-01  2.363E+00
  266  2.593E-01  1.672E-01  8.664E-01  8.181E-01  2.361E+00
  267  2.603E-01  1.706E-01  8.639E-01  8.148E-01  2.358E+00
  268  2.612E-01  1.739E-01  8.614E-01  8.115E-01  2.355E+00
  269  2.622E-01  1.772E-01  8.590E-01  8.083E-01  2.352E+00
  270  2.632E-01  1.805E-01  8.565E-01  8.050E-01  2.350E+00
  271  2.642E-01  1.838E-01  8.540E-01  8.017E-01  2.347E+00
  272  2.651E-01  1.872E-01  8.515E-01  7.985E-01  2.344E+00
  273  2.661E-01  1.905E-01  8.491E-01  7.953E-01  2.342E+00
  274  2.671E-01  1.938E-01  8.466E-01  7.920E-01  2.339E+00
  275  2.681E-01  1.971E-01  8.441E-01  7.888E-01  2.336E+00
  276  2.690E-01  2.004E-01  8.417E-01  7.856E-01  2.333E+00
  277  2.700E-01  2.038E-01  8.392E-01  7.824E-01  2.331E+00
  278  2.710E-01  2.071E-01  8.368E-01  7.793E-01  2.328E+00
  279  2.720E-01  2.104E-01  8.344E-01  7.761E-01  2.325E+00
  280  2.729E-01  2.137E-01  8.320E-01  7.729E-01  2.323E+00
  281  2.739E-01  2.171E-01  8.295E-01  7.698E-01  2.320E+00
  282  2.749E-01  2.204E-01  8.271E-01  7.666E-01  2.317E+00
  283  2.759E-01  2.237E-01  8.247E-01  7.635E-01  2.315E+00
  284  2.769E-01  2.270E-01  8.223E-01  7.604E-01  2.312E+00
  285  2.778E-01  2.303E-01  8.199E-01  7.573E-01  2.309E+00
  286  2.788E-01  2.337E-01  8.175E-01  7.542E-01  2.306E+00
  287  2.798E-01  2.370E-01  8.151E-01  7.511E-01  2.304E+00
  288  2.808E-01  2.403E-01  8.127E-01  7.481E-01  2.301E+00
  289  2.817E-01  2.436E-01  8.104E-01  7.450E-01  2.298E+00
  290  2.827E-01  2.469E-01  8.080E-01  7.420E-01  2.296E+00
  291  2.837E-01  2.503E-01  8.056E-01  7.389E-01  2.293E+00
  292  2.847E-01  2.536E-01  8.033E-01  7.359E-01  2.290E+00
  293  2.856E-01  2.569E-01  8.009E-01  7.329E-01  2.288E+00
  294  2.866E-01  2.602E-01  7.986E-01  7.299E-01  2.285E+00
  295  2.876E-01  2.636E-01  7.962E-01  7.269E-01  2.282E+00
  296  2.886E-01  2.669E-01  7.939E-01  7.239E-01  2.280E+00
  297  2.896E-01  2.702E-01  7.916E-01  7.209E-01  2.277E+00
  298  2.905E-01  2.735E-01  7.892E-01  7.180E-01  2.274E+00
  299  2.915E-01  2.768E-01  7.869E-01  7.150E-01  2.271E+00
  300  2.925E-01  2.802E-01  7.846E-01  7.121E-01  2.269E+00
  301  2.935E-01  2.835E-01  7.823E-01  7.091E-01  2.266E+00
  302  2.944E-01  2.868E-01  7.800E-01  7.062E-01  2.263E+00
  303  2.954E-01  2.901E-01  7.777E-01  7.033E-01  2.261E+00
  304  2.964E-01  2.935E-01  7.754E-01  7.004E-01  2.258E+00
  305  2.974E-01  2.968E-01  7.731E-01  6.975E-01  2.255E+00
  306  2.983E-01  3.001E-01  7.708E-01  6.946E-01  2.253E+00
  307  2.993E-01  3.034E-01  7.686E-01  6.917E-01  2.250E+00
  308  3.003E-01  3.067E-01  7.663E-01  6.889E-01  2.247E+00
  309  3.013E-01  3.101E-01  7.640E-01  6.860E-01  2.245E+00
  310  3.022E-01  3.134E-01  7.618E-01  6.832E-01  2.242E+00
  311  3.032E-01  3.167E-01  7.595E-01  6.804E-01  2.240E+00
  312  3.042E-01  3.200E-01  7.573E-01  6.775E-01  2.237E+00
  313  3.052E-01  3.233E-01  7.550E-01  6.747E-01  2.234E+00
  314  3.062E-01  3.267E-01  7.528E-01  6.719E-01  2.232E+00
  315  3.071E-01  3.300E-01  7.505E-01  6.691E-01  2.229E+00
  316  3.081E-01  3.333E-01  7.483E-01  6.664E-01  2.226E+00
  317  3.091E-01  3.366E-01  7.461E-01  6.636E-01  2.224E+00
  318  3.101E-01  3.400E-01  7.439E-01  6.608E-01  2.221E+00
  319  3.110E-01  3.433E-01  7.416E-01  6.581E-01  2.218E+00
  320  3.120E-01  3.466E-01  7.394E-01  6.553E-01  2.216E+00
  321  3.130E-01  3.499E-01  7.372E-01  6.526E-01  2.213E+00
  322  3.140E-01  3.532E-01  7.350E-01  6.499E-01  2.210E+00
  323  3.149E-01  3.566E-01  7.329E-01  6.472E-01  2.208E+00
  324  3.159E-01  3.599E-01  7.307E-01  6.445E-01  2.205E+00
  325  3.169E-01  3.632E-01  7.285E-01  6.418E-01  2.202E+00
  326  3.179E-01  3.665E-01  7.263E-01  6.391E-01  2.200E+00
  327  3.188E-01  3.698E-01  7.241E-01  6.364E-01  2.197E+00
  328  3.198E-01  3.732E-01  7.220E-01  6.338E-01  2.195E+00
  329  3.208E-01  3.765E-01  7.198E-01  6.311E-01  2.192E+00
  330  3.218E-01  3.798E-01  7.177E-01  6.285E-01  2.189E+00
  331  3.228E-01  3.831E-01  7.155E-01  6.258E-01  2.187E+00
  332  3.237E-01  3.865E-01  7.134E-01  6.232E-01  2.184E+00
  333  3.247E-01  3.898E-01  7.112E-01  6.206E-01  2.181E+00
  334  3.257E-01  3.931E-01  7.091E-01  6.180E-01  2.179E+00
  335  3.267E-01  3.964E-01  7.070E-01  6.154E-01  2.176E+00
  336  3.276E-01  3.997E-01  7.048E-01  6.128E-01  2.174E+00
  337  3.286E-01  4.031E-01  7.027E-01  6.102E-01  2.171E+00
  338  3.296E-01  4.064E-01  7.006E-01  6.077E-01  2.168E+00
  339  3.306E-01  4.097E-01  6.985E-01  6.051E-01  2.166E+00
  340  3.315E-01  4.130E-01  6.964E-01  6.025E-01  2.163E+00
  341  3.325E-01  4.164E-01  6.943E-01  6.000E-01  2.161E+00
  342  3.335E-01  4.197E-01  6.922E-01  5.975E-01  2.158E+00
  343  3.345E-01  4.230E-01  6.901E-01  5.949E-01  2.155E+00
  344  3.354E-01  4.263E-01  6.880E-01  5.924E-01  2.153E+00
  345  3.364E-01  4.296E-01  6.859E-01  5.899E-01  2.150E+00
  346  3.374E-01  4.330E-01  6.839E-01  5.874E-01  2.147E+00
  347  3.384E-01  4.363E-01  6.818E-01  5.849E-01  2.145E+00
  348  3.394E-01  4.396E-01  6.797E-01  5.825E-01  2.142E+00
  349  3.403E-01  4.429E-01  6.777E-01  5.800E-01  2.140E+00
  350  3.413E-01  4.462E-01  6.756E-01  5.775E-01  2.137E+00
  351  3.423E-01  4.496E-01  6.736E-01  5.751E-01  2.134E+00
  352  3.433E-01  4.529E-01  6.715E-01  5.726E-01  2.132E+00
  353  3.442E-01  4.562E-01  6.695E-01  5.702E-01  2.129E+00
  354  3.452E-01  4.595E-01  6.675E-01  5.678E-01  2.127E+00
  355  3.462E-01  4.629E-01  6.654E-01  5.654E-01  2.124E+00
  356  3.472E-01  4.662E-01  6.634E-01  5.630E-01  2.122E+00
  357  3.481E-01  4.695E-01  6.614E-01  5.606E-01  2.119E+00
  358  3.491E-01  4.728E-01  6.594E-01  5.582E-01  2.116E+00
  359  3.501E-01  4.761E-01  6.574E-01  5.558E-01  2.114E+00
  360  3.511E-01  4.795E-01  6.554E-01  5.534E-01  2.111E+00
  361  3.521E-01  4.828E-01  6.534E-01  5.511E-01  2.109E+00
  362  3.530E-01  4.861E-01  6.514E-01  5.487E-01  2.106E+00
  363  3.540E-01  4.894E-01  6.494E-01  5.464E-01  2.103E+00
  364  3.550E-01  4.927E-01  6.474E-01  5.440E-01  2.101E+00
  365  3.560E-01  4.961E-01  6.454E-01  5.417E-01  2.098E+00
  366  3.569E-01  4.994E-01  6.434E-01  5.394E-01  2.096E+00
  367  3.579E-01  5.027E-01  6.415E-01  5.371E-01  2.093E+00
  368  3.589E-01  5.060E-01  6.395E-01  5.348E-01  2.091E+00
  369  3.599E-01  5.094E-01  6.375E-01  5.325E-01  2.088E+00
  370  3.608E-01  5.127E-01  6.356E-01  5.302E-01  2.085E+00
  371  3.618E-01  5.160E-01  6.336E-01  5.279E-01  2.083E+00
  372  3.628E-01  5.193E-01  6.317E-01  5.256E-01  2.080E+00
  373  3.638E-01  5.226E-01  6.297E-01  5.234E-01  2.078E+00
  374  3.647E-01  5.260E-01  6.278E-01  5.211E-01  2.075E+00
  375  3.657E-01  5.293E-01  6.259E-01  5.189E-01  2.073E+00
  376  3.667E-01  5.326E-01  6.239E-01  5.167E-01  2.070E+00
  377  3.677E-01  5.359E-01  6.220E-01  5.144E-01  2.068E+00
  378  3.687E-01  5.393E-01  6.201E-01  5.122E-01  2.065E+00
  379  3.696E-01  5.426E-01  6.182E-01  5.100E-01  2.062E+00
  380  3.706E-01  5.459E-01  6.163E-01  5.078E-01  2.060E+00
  381  3.716E-01  5.492E-01  6.144E-01  5.056E-01  2.057E+00
  382  3.726E-01  5.525E-01  6.125E-01  5.034E-01  2.055E+00
  383  3.735E-01  5.559E-01  6.106E-01  5.012E-01  2.052E+00
  384  3.745E-01  5.592E-01  6.087E-01  4.991E-01  2.050E+00
  385  3.755E-01  5.625E-01  6.068E-01  4.969E-01  2.047E+00
  386  3.765E-01  5.658E-01  6.049E-01  4.947E-01  2.045E+00
  387  3.774E-01  5.691E-01  6.031E-01  4.926E-01  2.042E+00
  388  3.784E-01  5.725E-01  6.012E-01  4.905E-01  2.040E+00
  389  3.794E-01  5.758E-01  5.993E-01  4.883E-01  2.037E+00
  390  3.804E-01  5.791E-01  5.975E-01  4.862E-01  2.035E+00
  391  3.813E-01  5.824E-01  5.956E-01  4.841E-01  2.032E+00
  392  3.823E-01  5.858E-01  5.937E-01  4.820E-01  2.029E+00
  393  3.833E-01  5.891E-01  5.919E-01  4.799E-01  2.027E+00
  394  3.843E-01  5.924E-01  5.901E-01  4.778E-01  2.024E+00
  395  3.853E-01  5.957E-01  5.882E-01  4.757E-01  2.022E+00
  396  3.862E-01  5.990E-01  5.864E-01  4.736E-01  2.019E+00
  397  3.872E-01  6.024E-01  5.845E-01  4.716E-01  2.017E+00
  398  3.882E-01  6.057E-01  5.827E-01  4.695E-01  2.014E+00
  399  3.892E-01  6.090E-01  5.809E-01  4.675E-01  2.012E+00
  400  3.901E-01  6.123E-01  5.791E-01  4.654E-01  2.009E+00
  401  3.911E-01  6.157E-01  5.773E-01  4.634E-01  2.007E+00
  402  3.921E-01  6.190E-01  5.755E-01  4.614E-01  2.004E+00
  403  3.931E-01  6.223E-01  5.737E-01  4.593E-01  2.002E+00
  404  3.940E-01  6.256E-01  5.719E-01  4.573E-01  1.999E+00
  405  3.950E-01  6.289E-01  5.701E-01  4.553E-01  1.997E+00
  406  3.960E-01  6.323E-01  5.683E-01  4.533E-01  1.994E+00
  407  3.970E-01  6.356E-01  5.665E-01  4.513E-01  1.992E+00
  408  3.979E-01  6.389E-01  5.647E-01  4.493E-01  1.989E+00
  409  3.989E-01  6.422E-01  5.630E-01  4.474E-01  1.987E+00
  410  3.999E-01  6.455E-01  5.612E-01  4.454E-01  1.984E+00
  411  4.009E-01  6.489E-01  5.594E-01  4.434E-01  1.982E+00
  412  4.019E-01  6.522E-01  5.577E-01  4.415E-01  1.979E+00
  413  4.028E-01  6.555E-01  5.559E-01  4.395E-01  1.977E+00
  414  4.038E-01  6.588E-01  5.541E-01  4.376E-01  1.974E+00
  415  4.048E-01  6.622E-01  5.524E-01  4.357E-01  1.972E+00
  416  4.058E-01  6.655E-01  5.507E-01  4.337E-01  1.969E+00
  417  4.067E-01  6.688E-01  5.489E-01  4.318E-01  1.967E+00
  418  4.077E-01  6.721E-01  5.472E-01  4.299E-01  1.964E+00
  419  4.087E-01  6.754E-01  5.454E-01  4.280E-01  1.962E+00
  420  4.097E-01  6.788E-01  5.437E-01  4.261E-01  1.959E+00
  421  4.106E-01  6.821E-01  5.420E-01  4.242E-01  1.957E+00
  422  4.116E-01  6.854E-01  5.403E-01  4.223E-01  1.954E+00
  423  4.126E-01  6.887E-01  5.386E-01  4.205E-01  1.952E+00
  424  4.136E-01  6.920E-01  5.369E-01  4.186E-01  1.949E+00
  425  4.146E-01  6.954E-01  5.352E-01  4.167E-01  1.947E+00
  426  4.155E-01  6.987E-01  5.335E-01  4.149E-01  1.944E+00
  427  4.165E-01  7.020E-01  5.318E-01  4.130E-01  1.942E+00
  428  4.175E-01  7.053E-01  5.301E-01  4.112E-01  1.939E+00
  429  4.185E-01  7.087E-01  5.284E-01  4.094E-01  1.937E+00
  430  4.194E-01  7.120E-01  5.267E-01  4.076E-01  1.934E+00
  431  4.204E-01  7.153E-01  5.250E-01  4.057E-01  1.932E+00
  432  4.214E-01  7.186E-01  5.233E-01  4.039E-01  1.930E+00
  433  4.224E-01  7.219E-01  5.217E-01  4.021E-01  1.927E+00
  434  4.233E-01  7.253E-01  5.200E-01  4.003E-01  1.925E+00
  435  4.243E-01  7.286E-01  5.183E-01  3.985E-01  1.922E+00
  436  4.253E-01  7.319E-01  5.167E-01  3.968E-01  1.920E+00
  437  4.263E-01  7.352E-01  5.150E-01  3.950E-01  1.917E+00
  438  4.272E-01  7.386E-01  5.134E-01  3.932E-01  1.915E+00
  439  4.282E-01  7.419E-01  5.117E-01  3.914E-01  1.912E+00
  440  4.292E-01  7.452E-01  5.101E-01  3.897E-01  1.910E+00
  441  4.302E-01  7.485E-01  5.085E-01  3.879E-01  1.907E+00
  442  4.312E-01  7.518E-01  5.068E-01  3.862E-01  1.905E+00
  443  4.321E-01  7.552E-01  5.052E-01  3.845E-01  1.903E+00
  444  4.331E-01  7.585E-01  5.036E-01  3.827E-01  1.900E+00
  445  4.341E-01  7.618E-01  5.020E-01  3.810E-01  1.898E+00
  446  4.351E-01  7.651E-01  5.003E-01  3.793E-01  1.895E+00
  447  4.360E-01  7.684E-01  4.987E-01  3.776E-01  1.893E+00
  448  4.370E-01  7.718E-01  4.971E-01  3.759E-01  1.890E+00
  449  4.380E-01  7.751E-01  4.955E-01  3.742E-01  1.888E+00
  450  4.390E-01  7.784E-01  4.939E-01  3.725E-01  1.885E+00
  451  4.399E-01  7.817E-01  4.923E-01  3.708E-01  1.883E+00
  452  4.409E-01  7.851E-01  4.907E-01  3.691E-01  1.881E+00
  453  4.419E-01  7.884E-01  4.892E-01  3.675E-01  1.878E+00
  454  4.429E-01  7.917E-01  4.876E-01  3.658E-01  1.876E+00
  455  4.438E-01  7.950E-01  4.860E-01  3.642E-01  1.873E+00
  456  4.448E-01  7.983E-01  4.844E-01  3.625E-01  1.871E+00
  457  4.458E-01  8.017E-01  4.828E-01  3.609E-01  1.868E+00
  458  4.468E-01  8.050E-01  4.813E-01  3.592E-01  1.866E+00
  459  4.478E-01  8.083E-01  4.797E-01  3.576E-01  1.864E+00
  460  4.487E-01  8.116E-01  4.782E-01  3.560E-01  1.861E+00
  461  4.497E-01  8.149E-01  4.766E-01  3.543E-01  1.859E+00
  462  4.507E-01  8.183E-01  4.751E-01  3.527E-01  1.856E+00
  463  4.517E-01  8.216E-01  4.735E-01  3.511E-01  1.854E+00
  464  4.526E-01  8.249E-01  4.720E-01  3.495E-01  1.851E+00
  465  4.536E-01  8.282E-01  4.704E-01  3.479E-01  1.849E+00
  466  4.546E-01  8.316E-01  4.689E-01  3.463E-01  1.847E+00
  467  4.556E-01  8.349E-01  4.674E-01  3.448E-01  1.844E+00
  468  4.565E-01  8.382E-01  4.658E-01  3.432E-01  1.842E+00
  469  4.575E-01  8.415E-01  4.643E-01  3.416E-01  1.839E+00
  470  4.585E-01  8.448E-01  4.628E-01  3.401E-01  1.837E+00
  471  4.595E-01  8.482E-01  4.613E-01  3.385E-01  1.835E+00
  472  4.604E-01  8.515E-01  4.598E-01  3.370E-01  1.832E+00
  473  4.614E-01  8.548E-01  4.583E-01  3.354E-01  1.830E+00
  474  4.624E-01  8.581E-01  4.568E-01  3.339E-01  1.827E+00
  475  4.634E-01  8.615E-01  4.553E-01  3.323E-01  1.825E+00
  476  4.644E-01  8.648E-01  4.538E-01  3.308E-01  1.823E+00
  477  4.653E-01  8.681E-01  4.523E-01  3.293E-01  1.820E+00
  478  4.663E-01  8.714E-01  4.508E-01  3.278E-01  1.818E+00
  479  4.673E-01  8.747E-01  4.493E-01  3.263E-01  1.815E+00
  480  4.683E-01  8.781E-01  4.478E-01  3.248E-01  1.813E+00
  481  4.692E-01  8.814E-01  4.464E-01  3.233E-01  1.811E+00
  482  4.702E-01  8.847E-01  4.449E-01  3.218E-01  1.808E+00
  483  4.712E-01  8.880E-01  4.434E-01  3.203E-01  1.806E+00
  484  4.722E-01  8.913E-01  4.420E-01  3.188E-01  1.803E+00
  485  4.731E-01  8.947E-01  4.405E-01  3.174E-01  1.801E+00
  486  4.741E-01  8.980E-01  4.391E-01  3.159E-01  1.799E+00
  487  4.751E-01  9.013E-01  4.376E-01  3.144E-01  1.796E+00
  488  4.761E-01  9.046E-01  4.362E-01  3.130E-01  1.794E+00
  489  4.771E-01  9.080E-01  4.347E-01  3.115E-01  1.792E+00
  490  4.780E-01  9.113E-01  4.333E-01  3.101E-01  1.789E+00
  491  4.790E-01  9.146E-01  4.318E-01  3.086E-01  1.787E+00
  492  4.800E-01  9.179E-01  4.304E-01  3.072E-01  1.784E+00
  493  4.810E-01  9.212E-01  4.290E-01  3.058E-01  1.782E+00
  494  4.819E-01  9.246E-01  4.276E-01  3.044E-01  1.780E+00
  495  4.829E-01  9.275E-01  4.263E-01  3.031E-01  1.778E+00
  496  4.839E-01  9.275E-01  4.263E-01  3.031E-01  1.778E+00
  497  4.849E-01  9.275E-01  4.263E-01  3.031E-01  1.778E+00
  498  4.858E-01  9.275E-01  4.263E-01  3.031E-01  1.778E+00
  499  4.868E-01  9.275E-01  4.263E-01  3.031E-01  1.778E+00
  500  4.878E-01  9.275E-01  4.263E-01  3.031E-01  1.778E+00
  501  4.888E-01  9.275E-01  4.263E-01  3.031E-01  1.778E+00
  502  4.897E-01  9.275E-01  4.263E-01  3.031E-01  1.778E+00
  503  4.907E-01  9.275E-01  4.263E-01  3.031E-01  1.778E+00
  504  4.917E-01  9.275E-01  4.263E-01  3.031E-01  1.778E+00
  505  4.927E-01  9.275E-01  4.263E-01  3.031E-01  1.778E+00
  506  4.937E-01  9.275E-01  4.263E-01  3.031E-01  1.778E+00
  507  4.946E-01  9.275E-01  4.263E-01  3.031E-01  1.778E+00
  508  4.956E-01  9.275E-01  4.263E-01  3.031E-01  1.778E+00
  509  4.966E-01  9.275E-01  4.263E-01  3.031E-01  1.778E+00
  510  4.976E-01  9.275E-01  4.263E-01  3.031E-01  1.778E+00
  511  4.985E-01  9.275E-01  4.263E-01  3.031E-01  1.778E+00
  512  4.995E-01  9.275E-01  4.263E-01  3.031E-01  1.778E+00
  513  5.005E-01  9.275E-01  4.263E-01  3.031E-01  1.778E+00
  514  5.015E-01  9.275E-01  4.263E-01  3.031E-01  1.778E+00
  515  5.024E-01  9.275E-01  4.263E-01  3.031E-01  1.778E+00
  516  5.034E-01  9.275E-01  4.263E-01  3.031E-01  1.778E+00
  517  5.044E-01  9.275E-01  4.263E-01  3.031E-01  1.778E+00
  518  5.054E-01  9.275E-01  4.263E-01  3.031E-01  1.778E+00
  519  5.063E-01  9.275E-01  4.263E-01  3.031E-01  1.778E+00
  520  5.073E-01  9.275E-01  4.263E-01  3.031E-01  1.778E+00
  521  5.083E-01  9.275E-01  4.263E-01  3.031E-01  1.778E+00
  522  5.093E-01  9.275E-01  4.263E-01  3.031E-01  1.778E+00
  523  5.103E-01  9.275E-01  4.263E-01  3.031E-01  1.778E+00
  524  5.112E-01  9.275E-01  4.263E-01  3.031E-01  1.778E+00
  525  5.122E-01  9.275E-01  4.263E-01  3.031E-01  1.778E+00
  526  5.132E-01  9.275E-01  4.263E-01  3.031E-01  1.778E+00
  527  5.142E-01  9.275E-01  4.263E-01  3.031E-01  1.778E+00
  528  5.151E-01  9.275E-01  4.263E-01  3.031E-01  1.778E+00
  529  5.161E-01  9.275E-01  4.263E-01  3.031E-01  1.778E+00
  530  5.171E-01  9.275E-01  4.263E-01  3.031E-01  1.778E+00
  531  5.181E-01  9.275E-01  4.263E-01  3.031E-01  1.778E+00
  532  5.190E-01  9.275E-01  4.263E-01  3.031E-01  1.778E+00
  533  5.200E-01  9.275E-01  4.263E-01  3.031E-01  1.778E+00
  534  5.210E-01  9.275E-01  4.263E-01  3.031E-01  1.778E+00
  535  5.220E-01  9.275E-01  4.263E-01  3.031E-01  1.778E+00
  536  5.229E-01  9.275E-01  4.263E-01  3.031E-01  1.778E+00
  537  5.239E-01  9.275E-01  4.263E-01  3.031E-01  1.778E+00
  538  5.249E-01  9.275E-01  4.263E-01  3.031E-01  1.778E+00
  539  5.259E-01  9.275E-01  4.263E-01  3.031E-01  1.778E+00
  540  5.269E-01  9.275E-01  4.263E-01  3.031E-01  1.778E+00
  541  5.278E-01  9.275E-01  4.263E-01  3.031E-01  1.778E+00
  542  5.288E-01  9.275E-01  4.263E-01  3.031E-01  1.778E+00
  543  5.298E-01  9.275E-01  4.263E-01  3.031E-01  1.778E+00
  544  5.308E-01  9.275E-01  4.263E-01  3.031E-01  1.778E+00
  545  5.317E-01  9.275E-01  4.263E-01  3.031E-01  1.778E+00
  546  5.327E-01  9.275E-01  4.263E-01  3.031E-01  1.778E+00
  547  5.337E-01  9.275E-01  4.263E-01  3.031E-01  1.778E+00
  548  5.347E-01  9.275E-01  4.263E-01  3.031E-01  1.778E+00
  549  5.356E-01  9.275E-01  4.263E-01  3.031E-01  1.778E+00
  550  5.366E-01  9.275E-01  4.263E-01  3.031E-01  1.778E+00
  551  5.376E-01  9.275E-01  4.263E-01  3.031E-01  1.778E+00
  552  5.386E-01  9.275E-01  4.263E-01  3.031E-01  1.778E+00
  553  5.396E-01  9.275E-01  4.263E-01  3.031E-01  1.778E+00
  554  5.405E-01  9.275E-01  4.263E-01  3.031E-01  1.778E+00
  555  5.415E-01  9.275E-01  4.263E-01  3.031E-01  1.778E+00
  556  5.425E-01  9.275E-01  4.263E-01  3.031E-01  1.778E+00
  557  5.435E-01  9.275E-01  4.263E-01  3.031E-01  1.778E+00
  558  5.444E-01  9.275E-01  4.263E-01  3.031E-01  1.778E+00
  559  5.454E-01  9.275E-01  4.263E-01  3.031E-01  1.778E+00
  560  5.464E-01  9.275E-01  4.263E-01  3.031E-01  1.778E+00
  561  5.474E-01  9.275E-01  4.263E-01  3.031E-01  1.778E+00
  562  5.483E-01  9.275E-01  4.263E-01  3.031E-01  1.778E+00
  563  5.493E-01  9.275E-01  4.263E-01  3.031E-01  1.778E+00
  564  5.503E-01  9.275E-01  4.263E-01  3.031E-01  1.778E+00
  565  5.513E-01  9.275E-01  4.263E-01  3.031E-01  1.778E+00
  566  5.522E-01  9.275E-01  4.263E-01  3.031E-01  1.778E+00
  567  5.532E-01  9.275E-01  4.263E-01  3.031E-01  1.778E+00
  568  5.542E-01  9.275E-01  4.263E-01  3.031E-01  1.778E+00
  569  5.552E-01  9.275E-01  4.263E-01  3.031E-01  1.778E+00
  570  5.562E-01  9.275E-01  4.263E-01  3.031E-01  1.778E+00
  571  5.571E-01  9.275E-01  4.263E-01  3.031E-01  1.778E+00
  572  5.581E-01  9.275E-01  4.263E-01  3.031E-01  1.778E+00
  573  5.591E-01  9.275E-01  4.263E-01  3.031E-01  1.778E+00
  574  5.601E-01  9.275E-01  4.263E-01  3.031E-01  1.778E+00
  575  5.610E-01  9.275E-01  4.263E-01  3.031E-01  1.778E+00
  576  5.620E-01  9.275E-01  4.263E-01  3.031E-01  1.778E+00
  577  5.630E-01  9.275E-01  4.263E-01  3.031E-01  1.778E+00
  578  5.640E-01  9.275E-01  4.263E-01  3.031E-01  1.778E+00
  579  5.649E-01  9.275E-01  4.263E-01  3.031E-01  1.778E+00
  580  5.659E-01  9.275E-01  4.263E-01  3.031E-01  1.778E+00
  581  5.669E-01  9.275E-01  4.263E-01  3.031E-01  1.778E+00
  582  5.679E-01  9.275E-01  4.263E-01  3.031E-01  1.778E+00
  583  5.688E-01  9.275E-01  4.263E-01  3.031E-01  1.778E+00
  584  5.698E-01  9.275E-01  4.263E-01  3.031E-01  1.778E+00
  585  5.708E-01  9.275E-01  4.263E-01  3.031E-01  1.778E+00
  586  5.718E-01  9.275E-01  4.263E-01  3.031E-01  1.778E+00
  587  5.728E-01  9.275E-01  4.263E-01  3.031E-01  1.778E+00
  588  5.737E-01  9.275E-01  4.263E-01  3.031E-01  1.778E+00
  589  5.747E-01  9.275E-01  4.263E-01  3.031E-01  1.778E+00
  590  5.757E-01  9.275E-01  4.263E-01  3.031E-01  1.778E+00
  591  5.767E-01  9.275E-01  4.263E-01  3.031E-01  1.778E+00
  592  5.776E-01  9.275E-01  4.263E-01  3.031E-01  1.778E+00
  593  5.786E-01  9.275E-01  4.263E-01  3.031E-01  1.778E+00
  594  5.796E-01  9.275E-01  4.263E-01  3.031E-01  1.778E+00
  595  5.806E-01  9.275E-01  4.263E-01  3.031E-01  1.778E+00
  596  5.815E-01  9.275E-01  4.263E-01  3.031E-01  1.778E+00
  597  5.825E-01  9.275E-01  4.263E-01  3.031E-01  1.778E+00
  598  5.835E-01  9.275E-01  4.263E-01  3.031E-01  1.778E+00
  599  5.845E-01  9.275E-01  4.263E-01  3.031E-01  1.778E+00
  600  5.854E-01  9.275E-01  4.263E-01  3.031E-01  1.778E+00
  601  5.864E-01  9.275E-01  4.263E-01  3.031E-01  1.778E+00
  602  5.874E-01  9.275E-01  4.263E-01  3.031E-01  1.778E+00
  603  5.884E-01  9.275E-01  4.263E-01  3.031E-01  1.778E+00
  604  5.894E-01  9.275E-01  4.263E-01  3.031E-01  1.778E+00
  605  5.903E-01  9.275E-01  4.263E-01  3.031E-01  1.778E+00
  606  5.913E-01  9.275E-01  4.263E-01  3.031E-01  1.778E+00
  607  5.923E-01  9.275E-01  4.263E-01  3.031E-01  1.778E+00
  608  5.933E-01  9.275E-01  4.263E-01  3.031E-01  1.778E+00
  609  5.942E-01  9.275E-01  4.263E-01  3.031E-01  1.778E+00
  610  5.952E-01  9.275E-01  4.263E-01  3.031E-01  1.778E+00
  611  5.962E-01  9.275E-01  4.263E-01  3.031E-01  1.778E+00
  612  5.972E-01  9.275E-01  4.263E-01  3.031E-01  1.778E+00
  613  5.981E-01  9.275E-01  4.263E-01  3.031E-01  1.778E+00
  614  5.991E-01  9.275E-01  4.263E-01  3.031E-01  1.778E+00
  615  6.001E-01  9.275E-01  4.263E-01  3.031E-01  1.778E+00
  616  6.011E-01  9.275E-01  4.263E-01  3.031E-01  1.778E+00
  617  6.021E-01  9.275E-01  4.263E-01  3.031E-01  1.778E+00
  618  6.030E-01  9.275E-01  4.263E-01  3.031E-01  1.778E+00
  619  6.040E-01  9.275E-01  4.263E-01  3.031E-01  1.778E+00
  620  6.050E-01  9.275E-01  4.263E-01  3.031E-01  1.778E+00
  621  6.060E-01  9.275E-01  4.263E-01  3.031E-01  1.778E+00
  622  6.069E-01  9.275E-01  4.263E-01  3.031E-01  1.778E+00
  623  6.079E-01  9.275E-01  4.263E-01  3.031E-01  1.778E+00
  624  6.089E-01  9.275E-01  4.263E-01  3.031E-01  1.778E+00
  625  6.099E-01  9.275E-01  4.263E-01  3.031E-01  1.778E+00
  626  6.108E-01  9.275E-01  4.263E-01  3.031E-01  1.778E+00
  627  6.118E-01  9.275E-01  4.263E-01  3.031E-01  1.778E+00
  628  6.128E-01  9.275E-01  4.263E-01  3.031E-01  1.778E+00
  629  6.138E-01  9.275E-01  4.263E-01  3.031E-01  1.778E+00
  630  6.147E-01  9.275E-01  4.263E-01  3.031E-01  1.778E+00
  631  6.157E-01  9.275E-01  4.263E-01  3.031E-01  1.778E+00
  632  6.167E-01  9.275E-01  4.263E-01  3.031E-01  1.778E+00
  633  6.177E-01  9.275E-01  4.263E-01  3.031E-01  1.778E+00
  634  6.187E-01  9.275E-01  4.263E-01  3.031E-01  1.778E+00
  635  6.196E-01  9.275E-01  4.263E-01  3.031E-01  1.778E+00
  636  6.206E-01  9.275E-01  4.263E-01  3.031E-01  1.778E+00
  637  6.216E-01  9.275E-01  4.263E-01  3.031E-01  1.778E+00
  638  6.226E-01  9.275E-01  4.263E-01  3.031E-01  1.778E+00
  639  6.235E-01  9.275E-01  4.263E-01  3.031E-01  1.778E+00
  640  6.245E-01  9.275E-01  4.263E-01  3.031E-01  1.778E+00
  641  6.255E-01  9.275E-01  4.263E-01  3.031E-01  1.778E+00
  642  6.265E-01  9.275E-01  4.263E-01  3.031E-01  1.778E+00
  643  6.274E-01  9.275E-01  4.263E-01  3.031E-01  1.778E+00
  644  6.284E-01  9.275E-01  4.263E-01  3.031E-01  1.778E+00
  645  6.294E-01  9.275E-01  4.263E-01  3.031E-01  1.778E+00
  646  6.304E-01  9.275E-01  4.263E-01  3.031E-01  1.778E+00
  647  6.313E-01  9.275E-01  4.263E-01  3.031E-01  1.778E+00
  648  6.323E-01  9.275E-01  4.263E-01  3.031E-01  1.778E+00
  649  6.333E-01  9.275E-01  4.263E-01  3.031E-01  1.778E+00
  650  6.343E-01  9.275E-01  4.263E-01  3.031E-01  1.778E+00
  651  6.353E-01  9.275E-01  4.263E-01  3.031E-01  1.778E+00
  652  6.362E-01  9.275E-01  4.263E-01  3.031E-01  1.778E+00
  653  6.372E-01  9.275E-01  4.263E-01  3.031E-01  1.778E+00
  654  6.382E-01  9.275E-01  4.263E-01  3.031E-01  1.778E+00
  655  6.392E-01  9.275E-01  4.263E-01  3.031E-01  1.778E+00
  656  6.401E-01  9.275E-01  4.263E-01  3.031E-01  1.778E+00
  657  6.411E-01  9.275E-01  4.263E-01  3.031E-01  1.778E+00
  658  6.421E-01  9.275E-01  4.263E-01  3.031E-01  1.778E+00
  659  6.431E-01  9.275E-01  4.263E-01  3.031E-01  1.778E+00
  660  6.440E-01  9.275E-01  4.263E-01  3.031E-01  1.778E+00
  661  6.450E-01  9.275E-01  4.263E-01  3.031E-01  1.778E+00
  662  6.460E-01  9.275E-01  4.263E-01  3.031E-01  1.778E+00
  663  6.470E-01  9.275E-01  4.263E-01  3.031E-01  1.778E+00
  664  6.479E-01  9.275E-01  4.263E-01  3.031E-01  1.778E+00
  665  6.489E-01  9.275E-01  4.263E-01  3.031E-01  1.778E+00
  666  6.499E-01  9.275E-01  4.263E-01  3.031E-01  1.778E+00
  667  6.509E-01  9.275E-01  4.263E-01  3.031E-01  1.778E+00
  668  6.519E-01  9.275E-01  4.263E-01  3.031E-01  1.778E+00
  669  6.528E-01  9.275E-01  4.263E-01  3.031E-01  1.778E+00
  670  6.538E-01  9.275E-01  4.263E-01  3.031E-01  1.778E+00
  671  6.548E-01  9.275E-01  4.263E-01  3.031E-01  1.778E+00
  672  6.558E-01  9.275E-01  4.263E-01  3.031E-01  1.778E+00
  673  6.567E-01  9.275E-01  4.263E-01  3.031E-01  1.778E+00
  674  6.577E-01  9.275E-01  4.263E-01  3.031E-01  1.778E+00
  675  6.587E-01  9.275E-01  4.263E-01  3.031E-01  1.778E+00
  676  6.597E-01  9.275E-01  4.263E-01  3.031E-01  1.778E+00
  677  6.606E-01  9.275E-01  4.263E-01  3.031E-01  1.778E+00
  678  6.616E-01  9.275E-01  4.263E-01  3.031E-01  1.778E+00
  679  6.626E-01  9.275E-01  4.263E-01  3.031E-01  1.778E+00
  680  6.636E-01  9.275E-01  4.263E-01  3.031E-01  1.778E+00
  681  6.646E-01  9.275E-01  4.263E-01  3.031E-01  1.778E+00
  682  6.655E-01  9.275E-01  4.263E-01  3.031E-01  1.778E+00
  683  6.665E-01  9.275E-01  4.263E-01  3.031E-01  1.778E+00
  684  6.675E-01  9.275E-01  4.263E-01  3.031E-01  1.778E+00
  685  6.685E-01  9.275E-01  4.263E-01  3.031E-01  1.778E+00
  686  6.694E-01  9.275E-01  4.263E-01  3.031E-01  1.778E+00
  687  6.704E-01  9.275E-01  4.263E-01  3.031E-01  1.778E+00
  688  6.714E-01  9.275E-01  4.263E-01  3.031E-01  1.778E+00
  689  6.724E-01  9.275E-01  4.263E-01  3.031E-01  1.778E+00
  690  6.733E-01  9.275E-01  4.263E-01  3.031E-01  1.778E+00
  691  6.743E-01  9.275E-01  4.263E-01  3.031E-01  1.778E+00
  692  6.753E-01  9.275E-01  4.263E-01  3.031E-01  1.778E+00
  693  6.763E-01  9.275E-01  4.263E-01  3.031E-01  1.778E+00
  694  6.772E-01  9.275E-01  4.263E-01  3.031E-01  1.778E+00
  695  6.782E-01  9.275E-01  4.263E-01  3.031E-01  1.778E+00
  696  6.792E-01  9.275E-01  4.263E-01  3.031E-01  1.778E+00
  697  6.802E-01  9.275E-01  4.263E-01  3.031E-01  1.778E+00
  698  6.812E-01  9.275E-01  4.263E-01  3.031E-01  1.778E+00
  699  6.821E-01  9.275E-01  4.263E-01  3.031E-01  1.778E+00
  700  6.831E-01  9.275E-01  4.263E-01  3.031E-01  1.778E+00
  701  6.841E-01  9.275E-01  4.263E-01  3.031E-01  1.778E+00
  702  6.851E-01  9.275E-01  4.263E-01  3.031E-01  1.778E+00
  703  6.860E-01  9.275E-01  4.263E-01  3.031E-01  1.778E+00
  704  6.870E-01  9.275E-01  4.263E-01  3.031E-01  1.778E+00
  705  6.880E-01  9.275E-01  4.263E-01  3.031E-01  1.778E+00
  706  6.890E-01  9.275E-01  4.263E-01  3.031E-01  1.778E+00
  707  6.899E-01  9.275E-01  4.263E-01  3.031E-01  1.778E+00
  708  6.909E-01  9.275E-01  4.263E-01  3.031E-01  1.778E+00
  709  6.919E-01  9.275E-01  4.263E-01  3.031E-01  1.778E+00
  710  6.929E-01  9.275E-01  4.263E-01  3.031E-01  1.778E+00
  711  6.938E-01  9.275E-01  4.263E-01  3.031E-01  1.778E+00
  712  6.948E-01  9.275E-01  4.263E-01  3.031E-01  1.778E+00
  713  6.958E-01  9.275E-01  4.263E-01  3.031E-01  1.778E+00
  714  6.968E-01  9.275E-01  4.263E-01  3.031E-01  1.778E+00
  715  6.978E-01  9.275E-01  4.263E-01  3.031E-01  1.778E+00
  716  6.987E-01  9.275E-01  4.263E-01  3.031E-01  1.778E+00
  717  6.997E-01  9.275E-01  4.263E-01  3.031E-01  1.778E+00
  718  7.007E-01  9.275E-01  4.263E-01  3.031E-01  1.778E+00
  719  7.017E-01  9.275E-01  4.263E-01  3.031E-01  1.778E+00
  720  7.026E-01  9.275E-01  4.263E-01  3.031E-01  1.778E+00
  721  7.036E-01  9.275E-01  4.263E-01  3.031E-01  1.778E+00
  722  7.046E-01  9.275E-01  4.263E-01  3.031E-01  1.778E+00
  723  7.056E-01  9.275E-01  4.263E-01  3.031E-01  1.778E+00
  724  7.065E-01  9.275E-01  4.263E-01  3.031E-01  1.778E+00
  725  7.075E-01  9.275E-01  4.263E-01  3.031E-01  1.778E+00
  726  7.085E-01  9.275E-01  4.263E-01  3.031E-01  1.778E+00
  727  7.095E-01  9.275E-01  4.263E-01  3.031E-01  1.778E+00
  728  7.104E-01  9.275E-01  4.263E-01  3.031E-01  1.778E+00
  729  7.114E-01  9.275E-01  4.263E-01  3.031E-01  1.778E+00
  730  7.124E-01  9.275E-01  4.263E-01  3.031E-01  1.778E+00
  731  7.134E-01  9.275E-01  4.263E-01  3.031E-01  1.778E+00
  732  7.144E-01  9.275E-01  4.263E-01  3.031E-01  1.778E+00
  733  7.153E-01  9.275E-01  4.263E-01  3.031E-01  1.778E+00
  734  7.163E-01  9.275E-01  4.263E-01  3.031E-01  1.778E+00
  735  7.173E-01  9.275E-01  4.263E-01  3.031E-01  1.778E+00
  736  7.183E-01  9.275E-01  4.263E-01  3.031E-01  1.778E+00
  737  7.192E-01  9.275E-01  4.263E-01  3.031E-01  1.778E+00
  738  7.202E-01  9.275E-01  4.263E-01  3.031E-01  1.778E+00
  739  7.212E-01  9.275E-01  4.263E-01  3.031E-01  1.778E+00
  740  7.222E-01  9.275E-01  4.263E-01  3.031E-01  1.778E+00
  741  7.231E-01  9.275E-01  4.263E-01  3.031E-01  1.778E+00
  742  7.241E-01  9.275E-01  4.263E-01  3.031E-01  1.778E+00
  743  7.251E-01  9.275E-01  4.263E-01  3.031E-01  1.778E+00
  744  7.261E-01  9.275E-01  4.263E-01  3.031E-01  1.778E+00
  745  7.271E-01  9.275E-01  4.263E-01  3.031E-01  1.778E+00
  746  7.280E-01  9.275E-01  2.656E-01  3.031E-01  2.854E+00
  747  7.290E-01  9.275E-01  2.656E-01  3.031E-01  2.854E+00
  748  7.300E-01  9.275E-01  2.656E-01  3.031E-01  2.854E+00
  749  7.310E-01  9.275E-01  2.656E-01  3.031E-01  2.854E+00
  750  7.319E-01  9.275E-01  2.656E-01  3.031E-01  2.854E+00
  751  7.329E-01  9.275E-01  2.656E-01  3.031E-01  2.854E+00
  752  7.339E-01  9.275E-01  2.656E-01  3.031E-01  2.854E+00
  753  7.349E-01  9.275E-01  2.656E-01  3.031E-01  2.854E+00
  754  7.358E-01  9.275E-01  2.656E-01  3.031E-01  2.854E+00
  755  7.368E-01  9.275E-01  2.656E-01  3.031E-01  2.854E+00
  756  7.378E-01  9.275E-01  2.656E-01  3.031E-01  2.854E+00
  757  7.388E-01  9.275E-01  2.656E-01  3.031E-01  2.854E+00
  758  7.397E-01  9.275E-01  2.656E-01  3.031E-01  2.854E+00
  759  7.407E-01  9.275E-01  2.656E-01  3.031E-01  2.854E+00
  760  7.417E-01  9.275E-01  2.656E-01  3.031E-01  2.854E+00
  761  7.427E-01  9.275E-01  2.656E-01  3.031E-01  2.854E+00
  762  7.437E-01  9.275E-01  2.656E-01  3.031E-01  2.854E+00
  763  7.446E-01  9.275E-01  2.656E-01  3.031E-01  2.854E+00
  764  7.456E-01  9.275E-01  2.656E-01  3.031E-01  2.854E+00
  765  7.466E-01  9.275E-01  2.656E-01  3.031E-01  2.854E+00
  766  7.476E-01  9.275E-01  2.656E-01  3.031E-01  2.854E+00
  767  7.485E-01  9.275E-01  2.656E-01  3.031E-01  2.854E+00
  768  7.495E-01  9.275E-01  2.656E-01  3.031E-01  2.854E+00
  769  7.505E-01  9.275E-01  2.656E-01  3.031E-01  2.854E+00
  770  7.515E-01  9.275E-01  2.656E-01  3.031E-01  2.854E+00
  771  7.524E-01  9.275E-01  2.656E-01  3.031E-01  2.854E+00
  772  7.534E-01  9.275E-01  2.656E-01  3.031E-01  2.854E+00
  773  7.544E-01  9.275E-01  2.656E-01  3.031E-01  2.854E+00
  774  7.554E-01  9.275E-01  2.656E-01  3.031E-01  2.854E+00
  775  7.563E-01  9.275E-01  2.656E-01  3.031E-01  2.854E+00
  776  7.573E-01  9.275E-01  2.656E-01  3.031E-01  2.854E+00
  777  7.583E-01  9.275E-01  2.656E-01  3.031E-01  2.854E+00
  778  7.593E-01  9.275E-01  2.656E-01  3.031E-01  2.854E+00
  779  7.603E-01  9.275E-01  2.656E-01  3.031E-01  2.854E+00
  780  7.612E-01  9.275E-01  2.656E-01  3.031E-01  2.854E+00
  781  7.622E-01  9.275E-01  2.656E-01  3.031E-01  2.854E+00
  782  7.632E-01  9.275E-01  2.656E-01  3.031E-01  2.854E+00
  783  7.642E-01  9.275E-01  2.656E-01  3.031E-01  2.854E+00
  784  7.651E-01  9.275E-01  2.656E-01  3.031E-01  2.854E+00
  785  7.661E-01  9.275E-01  2.656E-01  3.031E-01  2.854E+00
  786  7.671E-01  9.275E-01  2.656E-01  3.031E-01  2.854E+00
  787  7.681E-01  9.275E-01  2.656E-01  3.031E-01  2.854E+00
  788  7.690E-01  9.275E-01  2.656E-01  3.031E-01  2.854E+00
  789  7.700E-01  9.275E-01  2.656E-01  3.031E-01  2.854E+00
  790  7.710E-01  9.275E-01  2.656E-01  3.031E-01  2.854E+00
  791  7.720E-01  9.275E-01  2.656E-01  3.031E-01  2.854E+00
  792  7.729E-01  9.275E-01  2.656E-01  3.031E-01  2.854E+00
  793  7.739E-01  9.275E-01  2.656E-01  3.031E-01  2.854E+00
  794  7.749E-01  9.275E-01  2.656E-01  3.031E-01  2.854E+00
  795  7.759E-01  9.275E-01  2.656E-01  3.031E-01  2.854E+00
  796  7.769E-01  9.275E-01  2.656E-01  3.031E-01  2.854E+00
  797  7.778E-01  9.275E-01  2.656E-01  3.031E-01  2.854E+00
  798  7.788E-01  9.275E-01  2.656E-01  3.031E-01  2.854E+00
  799  7.798E-01  9.275E-01  2.656E-01  3.031E-01  2.854E+00
  800  7.808E-01  9.275E-01  2.656E-01  3.031E-01  2.854E+00
  801  7.817E-01  9.275E-01  2.656E-01  3.031E-01  2.854E+00
  802  7.827E-01  9.275E-01  2.656E-01  3.031E-01  2.854E+00
  803  7.837E-01  9.275E-01  2.656E-01  3.031E-01  2.854E+00
  804  7.847E-01  9.275E-01  2.656E-01  3.031E-01  2.854E+00
  805  7.856E-01  9.275E-01  2.656E-01  3.031E-01  2.854E+00
  806  7.866E-01  9.275E-01  2.656E-01  3.031E-01  2.854E+00
  807  7.876E-01  9.275E-01  2.656E-01  3.031E-01  2.854E+00
  808  7.886E-01  9.275E-01  2.656E-01  3.031E-01  2.854E+00
  809  7.896E-01  9.275E-01  2.656E-01  3.031E-01  2.854E+00
  810  7.905E-01  9.275E-01  2.656E-01  3.031E-01  2.854E+00
  811  7.915E-01  9.275E-01  2.656E-01  3.031E-01  2.854E+00
  812  7.925E-01  9.275E-01  2.656E-01  3.031E-01  2.854E+00
  813  7.935E-01  9.275E-01  2.656E-01  3.031E-01  2.854E+00
  814  7.944E-01  9.275E-01  2.656E-01  3.031E-01  2.854E+00
  815  7.954E-01  9.275E-01  2.656E-01  3.031E-01  2.854E+00
  816  7.964E-01  9.275E-01  2.656E-01  3.031E-01  2.854E+00
  817  7.974E-01  9.275E-01  2.656E-01  3.031E-01  2.854E+00
  818  7.983E-01  9.275E-01  2.656E-01  3.031E-01  2.854E+00
  819  7.993E-01  9.275E-01  2.656E-01  3.031E-01  2.854E+00
  820  8.003E-01  9.275E-01  2.656E-01  3.031E-01  2.854E+00
  821  8.013E-01  9.275E-01  2.656E-01  3.031E-01  2.854E+00
  822  8.022E-01  9.275E-01  2.656E-01  3.031E-01  2.854E+00
  823  8.032E-01  9.275E-01  2.656E-01  3.031E-01  2.854E+00
  824  8.042E-01  9.275E-01  2.656E-01  3.031E-01  2.854E+00
  825  8.052E-01  9.275E-01  2.656E-01  3.031E-01  2.854E+00
  826  8.062E-01  9.275E-01  2.656E-01  3.031E-01  2.854E+00
  827  8.071E-01  9.275E-01  2.656E-01  3.031E-01  2.854E+00
  828  8.081E-01  9.275E-01  2.656E-01  3.031E-01  2.854E+00
  829  8.091E-01  9.275E-01  2.656E-01  3.031E-01  2.854E+00
  830  8.101E-01  9.275E-01  2.656E-01  3.031E-01  2.854E+00
  831  8.110E-01  9.275E-01  2.656E-01  3.031E-01  2.854E+00
  832  8.120E-01  9.275E-01  2.656E-01  3.031E-01  2.854E+00
  833  8.130E-01  9.275E-01  2.656E-01  3.031E-01  2.854E+00
  834  8.140E-01  9.275E-01  2.656E-01  3.031E-01  2.854E+00
  835  8.149E-01  9.275E-01  2.656E-01  3.031E-01  2.854E+00
  836  8.159E-01  9.275E-01  2.656E-01  3.031E-01  2.854E+00
  837  8.169E-01  9.275E-01  2.656E-01  3.031E-01  2.854E+00
  838  8.179E-01  9.275E-01  2.656E-01  3.031E-01  2.854E+00
  839  8.188E-01  9.275E-01  2.656E-01  3.031E-01  2.854E+00
  840  8.198E-01  9.275E-01  2.656E-01  3.031E-01  2.854E+00
  841  8.208E-01  9.275E-01  2.656E-01  3.031E-01  2.854E+00
  842  8.218E-01  9.275E-01  2.656E-01  3.031E-01  2.854E+00
  843  8.228E-01  9.275E-01  2.656E-01  3.031E-01  2.854E+00
  844  8.237E-01  9.275E-01  2.656E-01  3.031E-01  2.854E+00
  845  8.247E-01  9.275E-01  2.656E-01  3.031E-01  2.854E+00
  846  8.257E-01  9.275E-01  2.656E-01  3.031E-01  2.854E+00
  847  8.267E-01  9.275E-01  2.656E-01  3.031E-01  2.854E+00
  848  8.276E-01  9.275E-01  2.656E-01  3.031E-01  2.854E+00
  849  8.286E-01  9.275E-01  2.656E-01  3.031E-01  2.854E+00
  850  8.296E-01  9.275E-01  2.656E-01  3.031E-01  2.854E+00
  851  8.306E-01  9.275E-01  2.656E-01  3.031E-01  2.854E+00
  852  8.315E-01  9.275E-01  2.656E-01  3.031E-01  2.854E+00
  853  8.325E-01  9.275E-01  2.656E-01  3.031E-01  2.854E+00
  854  8.335E-01  9.275E-01  2.656E-01  3.031E-01  2.854E+00
  855  8.345E-01  9.275E-01  2.656E-01  3.031E-01  2.854E+00
  856  8.354E-01  9.275E-01  2.656E-01  3.031E-01  2.854E+00
  857  8.364E-01  9.275E-01  2.656E-01  3.031E-01  2.854E+00
  858  8.374E-01  9.275E-01  2.656E-01  3.031E-01  2.854E+00
  859  8.384E-01  9.275E-01  2.656E-01  3.031E-01  2.854E+00
  860  8.394E-01  9.275E-01  2.656E-01  3.031E-01  2.854E+00
  861  8.403E-01  9.275E-01  2.656E-01  3.031E-01  2.854E+00
  862  8.413E-01  9.275E-01  2.656E-01  3.031E-01  2.854E+00
  863  8.423E-01  9.275E-01  2.656E-01  3.031E-01  2.854E+00
  864  8.433E-01  9.275E-01  2.656E-01  3.031E-01  2.854E+00
  865  8.442E-01  9.275E-01  2.656E-01  3.031E-01  2.854E+00
  866  8.452E-01  9.275E-01  2.656E-01  3.031E-01  2.854E+00
  867  8.462E-01  9.275E-01  2.656E-01  3.031E-01  2.854E+00
  868  8.472E-01  9.275E-01  2.656E-01  3.031E-01  2.854E+00
  869  8.481E-01  9.275E-01  2.656E-01  3.031E-01  2.854E+00
  870  8.491E-01  9.275E-01  2.656E-01  3.031E-01  2.854E+00
  871  8.501E-01  9.275E-01  2.656E-01  3.031E-01  2.854E+00
  872  8.511E-01  9.275E-01  2.656E-01  3.031E-01  2.854E+00
  873  8.521E-01  9.275E-01  2.656E-01  3.031E-01  2.854E+00
  874  8.530E-01  9.275E-01  2.656E-01  3.031E-01  2.854E+00
  875  8.540E-01  9.275E-01  2.656E-01  3.031E-01  2.854E+00
  876  8.550E-01  9.275E-01  2.656E-01  3.031E-01  2.854E+00
  877  8.560E-01  9.275E-01  2.656E-01  3.031E-01  2.854E+00
  878  8.569E-01  9.275E-01  2.656E-01  3.031E-01  2.854E+00
  879  8.579E-01  9.275E-01  2.656E-01  3.031E-01  2.854E+00
  880  8.589E-01  9.275E-01  2.656E-01  3.031E-01  2.854E+00
  881  8.599E-01  9.275E-01  2.656E-01  3.031E-01  2.854E+00
  882  8.608E-01  9.275E-01  2.656E-01  3.031E-01  2.854E+00
  883  8.618E-01  9.275E-01  2.656E-01  3.031E-01  2.854E+00
  884  8.628E-01  9.275E-01  2.656E-01  3.031E-01  2.854E+00
  885  8.638E-01  9.275E-01  2.656E-01  3.031E-01  2.854E+00
  886  8.647E-01  9.275E-01  2.656E-01  3.031E-01  2.854E+00
  887  8.657E-01  9.275E-01  2.656E-01  3.031E-01  2.854E+00
  888  8.667E-01  9.275E-01  2.656E-01  3.031E-01  2.854E+00
  889  8.677E-01  9.275E-01  2.656E-01  3.031E-01  2.854E+00
  890  8.687E-01  9.275E-01  2.656E-01  3.031E-01  2.854E+00
  891  8.696E-01  9.275E-01  2.656E-01  3.031E-01  2.854E+00
  892  8.706E-01  9.275E-01  2.656E-01  3.031E-01  2.854E+00
  893  8.716E-01  9.275E-01  2.656E-01  3.031E-01  2.854E+00
  894  8.726E-01  9.275E-01  2.656E-01  3.031E-01  2.854E+00
  895  8.735E-01  9.275E-01  2.656E-01  3.031E-01  2.854E+00
  896  8.745E-01  9.275E-01  2.656E-01  3.031E-01  2.854E+00
  897  8.755E-01  9.275E-01  2.656E-01  3.031E-01  2.854E+00
  898  8.765E-01  9.275E-01  2.656E-01  3.031E-01  2.854E+00
  899  8.774E-01  9.275E-01  2.656E-01  3.031E-01  2.854E+00
  900  8.784E-01  9.275E-01  2.656E-01  3.031E-01  2.854E+00
  901  8.794E-01  9.275E-01  2.656E-01  3.031E-01  2.854E+00
  902  8.804E-01  9.275E-01  2.656E-01  3.031E-01  2.854E+00
  903  8.813E-01  9.275E-01  2.656E-01  3.031E-01  2.854E+00
  904  8.823E-01  9.275E-01  2.656E-01  3.031E-01  2.854E+00
  905  8.833E-01  9.275E-01  2.656E-01  3.031E-01  2.854E+00
  906  8.843E-01  9.275E-01  2.656E-01  3.031E-01  2.854E+00
  907  8.853E-01  9.275E-01  2.656E-01  3.031E-01  2.854E+00
  908  8.862E-01  9.275E-01  2.656E-01  3.031E-01  2.854E+00
  909  8.872E-01  9.275E-01  2.656E-01  3.031E-01  2.854E+00
  910  8.882E-01  9.275E-01  2.656E-01  3.031E-01  2.854E+00
  911  8.892E-01  9.275E-01  2.656E-01  3.031E-01  2.854E+00
  912  8.901E-01  9.275E-01  2.656E-01  3.031E-01  2.854E+00
  913  8.911E-01  9.275E-01  2.656E-01  3.031E-01  2.854E+00
  914  8.921E-01  9.275E-01  2.656E-01  3.031E-01  2.854E+00
  915  8.931E-01  9.275E-01  2.656E-01  3.031E-01  2.854E+00
  916  8.940E-01  9.275E-01  2.656E-01  3.031E-01  2.854E+00
  917  8.950E-01  9.275E-01  2.656E-01  3.031E-01  2.854E+00
  918  8.960E-01  9.275E-01  2.656E-01  3.031E-01  2.854E+00
  919  8.970E-01  9.275E-01  2.656E-01  3.031E-01  2.854E+00
  920  8.979E-01  9.275E-01  2.656E-01  3.031E-01  2.854E+00
  921  8.989E-01  9.275E-01  2.656E-01  3.031E-01  2.854E+00
  922  8.999E-01  9.275E-01  2.656E-01  3.031E-01  2.854E+00
  923  9.009E-01  9.275E-01  2.656E-01  3.031E-01  2.854E+00
  924  9.019E-01  9.275E-01  2.656E-01  3.031E-01  2.854E+00
  925  9.028E-01  9.275E-01  2.656E-01  3.031E-01  2.854E+00
  926  9.038E-01  9.275E-01  2.656E-01  3.031E-01  2.854E+00
  927  9.048E-01  9.275E-01  2.656E-01  3.031E-01  2.854E+00
  928  9.058E-01  9.275E-01  2.656E-01  3.031E-01  2.854E+00
  929  9.067E-01  9.275E-01  2.656E-01  3.031E-01  2.854E+00
  930  9.077E-01  9.275E-01  2.656E-01  3.031E-01  2.854E+00
  931  9.087E-01  9.275E-01  2.656E-01  3.031E-01  2.854E+00
  932  9.097E-01  9.275E-01  2.656E-01  3.031E-01  2.854E+00
  933  9.106E-01  9.275E-01  2.656E-01  3.031E-01  2.854E+00
  934  9.116E-01  9.275E-01  2.656E-01  3.031E-01  2.854E+00
  935  9.126E-01  9.275E-01  2.656E-01  3.031E-01  2.854E+00
  936  9.136E-01  9.275E-01  2.656E-01  3.031E-01  2.854E+00
  937  9.146E-01  9.275E-01  2.656E-01  3.031E-01  2.854E+00
  938  9.155E-01  9.275E-01  2.656E-01  3.031E-01  2.854E+00
  939  9.165E-01  9.275E-01  2.656E-01  3.031E-01  2.854E+00
  940  9.175E-01  9.275E-01  2.656E-01  3.031E-01  2.854E+00
  941  9.185E-01  9.275E-01  2.656E-01  3.031E-01  2.854E+00
  942  9.194E-01  9.275E-01  2.656E-01  3.031E-01  2.854E+00
  943  9.204E-01  9.275E-01  2.656E-01  3.031E-01  2.854E+00
  944  9.214E-01  9.275E-01  2.656E-01  3.031E-01  2.854E+00
  945  9.224E-01  9.275E-01  2.656E-01  3.031E-01  2.854E+00
  946  9.233E-01  9.275E-01  2.656E-01  3.031E-01  2.854E+00
  947  9.243E-01  9.275E-01  2.656E-01  3.031E-01  2.854E+00
  948  9.253E-01  9.275E-01  2.656E-01  3.031E-01  2.854E+00
  949  9.263E-01  9.275E-01  2.656E-01  3.031E-01  2.854E+00
  950  9.272E-01  9.275E-01  2.656E-01  3.031E-01  2.854E+00
  951  9.282E-01  9.275E-01  2.656E-01  3.031E-01  2.854E+00
  952  9.292E-01  9.275E-01  2.656E-01  3.031E-01  2.854E+00
  953  9.302E-01  0.000E+00  1.250E-01  1.000E-01  2.000E+00
  954  9.312E-01  0.000E+00  1.250E-01  1.000E-01  2.000E+00
  955  9.321E-01  0.000E+00  1.250E-01  1.000E-01  2.000E+00
  956  9.331E-01  0.000E+00  1.250E-01  1.000E-01  2.000E+00
  957  9.341E-01  0.000E+00  1.250E-01  1.000E-01  2.000E+00
  958  9.351E-01  0.000E+00  1.250E-01  1.000E-01  2.000E+00
  959  9.360E-01  0.000E+00  1.250E-01  1.000E-01  2.000E+00
  960  9.370E-01  0.000E+00  1.250E-01  1.000E-01  2.000E+00
  961  9.380E-01  0.000E+00  1.250E-01  1.000E-01  2.000E+00
  962  9.390E-01  0.000E+00  1.250E-01  1.000E-01  2.000E+00
  963  9.399E-01  0.000E+00  1.250E-01  1.000E-01  2.000E+00
  964  9.409E-01  0.000E+00  1.250E-01  1.000E-01  2.000E+00
  965  9.419E-01  0.000E+00  1.250E-01  1.000E-01  2.000E+00
  966  9.429E-01  0.000E+00  1.250E-01  1.000E-01  2.000E+00
  967  9.438E-01  0.000E+00  1.250E-01  1.000E-01  2.000E+00
  968  9.448E-01  0.000E+00  1.250E-01  1.000E-01  2.000E+00
  969  9.458E-01  0.000E+00  1.250E-01  1.000E-01  2.000E+00
  970  9.468E-01  0.000E+00  1.250E-01  1.000E-01  2.000E+00
  971  9.478E-01  0.000E+00  1.250E-01  1.000E-01  2.000E+00
  972  9.487E-01  0.000E+00  1.250E-01  1.000E-01  2.000E+00
  973  9.497E-01  0.000E+00  1.250E-01  1.000E-01  2.000E+00
  974  9.507E-01  0.000E+00  1.250E-01  1.000E-01  2.000E+00
  975  9.517E-01  0.000E+00  1.250E-01  1.000E-01  2.000E+00
  976  9.526E-01  0.000E+00  1.250E-01  1.000E-01  2.000E+00
  977  9.536E-01  0.000E+00  1.250E-01  1.000E-01  2.000E+00
  978  9.546E-01  0.000E+00  1.250E-01  1.000E-01  2.000E+00
  979  9.556E-01  0.000E+00  1.250E-01  1.000E-01  2.000E+00
  980  9.565E-01  0.000E+00  1.250E-01  1.000E-01  2.000E+00
  981  9.575E-01  0.000E+00  1.250E-01  1.000E-01  2.000E+00
  982  9.585E-01  0.000E+00  1.250E-01  1.000E-01  2.000E+00
  983  9.595E-01  0.000E+00  1.250E-01  1.000E-01  2.000E+00
  984  9.604E-01  0.000E+00  1.250E-01  1.000E-01  2.000E+00
  985  9.614E-01  0.000E+00  1.250E-01  1.000E-01  2.000E+00
  986  9.624E-01  0.000E+00  1.250E-01  1.000E-01  2.000E+00
  987  9.634E-01  0.000E+00  1.250E-01  1.000E-01  2.000E+00
  988  9.644E-01  0.000E+00  1.250E-01  1.000E-01  2.000E+00
  989  9.653E-01  0.000E+00  1.250E-01  1.000E-01  2.000E+00
  990  9.663E-01  0.000E+00  1.250E-01  1.000E-01  2.000E+00
  991  9.673E-01  0.000E+00  1.250E-01  1.000E-01  2.000E+00
  992  9.683E-01  0.000E+00  1.250E-01  1.000E-01  2.000E+00
  993  9.692E-01  0.000E+00  1.250E-01  1.000E-01  2.000E+00
  994  9.702E-01  0.000E+00  1.250E-01  1.000E-01  2.000E+00
  995  9.712E-01  0.000E+00  1.250E-01  1.000E-01  2.000E+00
  996  9.722E-01  0.000E+00  1.250E-01  1.000E-01  2.000E+00
  997  9.731E-01  0.000E+00  1.250E-01  1.000E-01  2.000E+00
  998  9.741E-01  0.000E+00  1.250E-01  1.000E-01  2.000E+00
  999  9.751E-01  0.000E+00  1.250E-01  1.000E-01  2.000E+00
 1000  9.761E-01  0.000E+00  1.250E-01  1.000E-01  2.000E+00
 1001  9.771E-01  0.000E+00  1.250E-01  1.000E-01  2.000E+00
 1002  9.780E-01  0.000E+00  1.250E-01  1.000E-01  2.000E+00
 1003  9.790E-01  0.000E+00  1.250E-01  1.000E-01  2.000E+00
 1004  9.800E-01  0.000E+00  1.250E-01  1.000E-01  2.000E+00
 1005  9.810E-01  0.000E+00  1.250E-01  1.000E-01  2.000E+00
 1006  9.819E-01  0.000E+00  1.250E-01  1.000E-01  2.000E+00
 1007  9.829E-01  0.000E+00  1.250E-01  1.000E-01  2.000E+00
 1008  9.839E-01  0.000E+00  1.250E-01  1.000E-01  2.000E+00
 1009  9.849E-01  0.000E+00  1.250E-01  1.000E-01  2.000E+00
 1010  9.858E-01  0.000E+00  1.250E-01  1.000E-01  2.000E+00
 1011  9.868E-01  0.000E+00  1.250E-01  1.000E-01  2.000E+00
 1012  9.878E-01  0.000E+00  1.250E-01  1.000E-01  2.000E+00
 1013  9.888E-01  0.000E+00  1.250E-01  1.000E-01  2.000E+00
 1014  9.897E-01  0.000E+00  1.250E-01  1.000E-01  2.000E+00
 1015  9.907E-01  0.000E+00  1.250E-01  1.000E-01  2.000E+00
 1016  9.917E-01  0.000E+00  1.250E-01  1.000E-01  2.000E+00
 1017  9.927E-01  0.000E+00  1.250E-01  1.000E-01  2.000E+00
 1018  9.937E-01  0.000E+00  1.250E-01  1.000E-01  2.000E+00
 1019  9.946E-01  0.000E+00  1.250E-01  1.000E-01  2.000E+00
 1020  9.956E-01  0.000E+00  1.250E-01  1.000E-01  2.000E+00
 1021  9.966E-01  0.000E+00  1.250E-01  1.000E-01  2.000E+00
 1022  9.976E-01  0.000E+00  1.250E-01  1.000E-01  2.000E+00
 1023  9.985E-01  0.000E+00  1.250E-01  1.000E-01  2.000E+00
 1024  9.995E-01  0.000E+00  1.250E-01  1.000E-01  2.000E+00
 1025  1.000E+00  0.000E+00
