0
100
0.0
1 0.0100000000000000002 -0.283793941745086542  0.610849635532085045  1.13092275419398969 -0.506173634988356103  -0.51953994638196932  0.127052133099607945
2 0.0100000000000000002 -0.0042200594475910241  -0.0365335995672160935  0.265580760931211746 -0.300101663832828547  -0.254343588584990343  0.889088035836826718
3 0.0100000000000000002 0.27225970273529343  -0.480277671629989578  1.37017782999969406 -0.291556142702284471  0.214990706190109959  -0.229952658637718993
4 0.0100000000000000002 -0.473743318532731272  -0.422778317372325574  0.464412486223129306 0.262579282413184956  -0.0559271606148716988  -0.238571625486526245
5 0.0100000000000000002 -0.231556266466667104  0.986956231891760849  -0.174522041919649346 -0.617819700994640564  -0.794545853340726027  -0.00605081344563694438
6 0.0100000000000000002 -0.793578385161108124  -1.83369241654613901  0.729333917067109927 0.519197282478109812  -0.192623315313363658  -0.159773465937584874
7 0.0100000000000000002 0.301785654778204793  -0.0774995106716929172  -0.353164299766894563 -0.641229812989143833  0.65130743909887634  0.289268157730217967
8 0.0100000000000000002 -0.151080744793417959  0.983151895367713524  0.179967561032021967 0.0801905505658963846  -0.0341681542369721702  0.806403178366594253
9 0.0100000000000000002 0.0149766288789550655  -0.153678134884330048  -0.151695625599912953 0.418081015827725611  -0.148508588372340988  0.00916969304533119499
10 0.0100000000000000002 0.43312443330447975  -0.0972472849540744061  -0.0152068151873612969 -0.458670583949413291  -0.603321556179463592  0.313668032873453018
11 0.0100000000000000002 0.432434184762821694  -0.0949400444889356571  0.431337552069242125 0.384813556666462997  -0.781270929748345777  0.423169239581907775
12 0.0100000000000000002 -0.0385977088205441687  -0.000437300488978263917  -0.118521895771928343 0.505420416421387908  0.238111600142907942  0.183806938660644403
13 0.0100000000000000002 -0.257127736925517214  0.266781177140208214  0.321718149116713814 -0.312459699016983117  0.613291717033164874  -0.299632718541579357
14 0.0100000000000000002 -0.257121261657294709  0.730732539715264195  -0.404005942054599665 -0.636289143278071956  -0.376223388012511095  -0.287140600454901418
15 0.0100000000000000002 0.161909542482921193  -0.00843869909056448736  0.404048750044360416 0.245377046863406251  0.00860669296446787795  -0.2050566164642664
16 0.0100000000000000002 -0.264472883336608455  0.158981630098968291  0.618690732203798777 -0.346877735718248204  0.566311411497199324  0.419677082056580608
17 0.0100000000000000002 0.217968526850199101  0.166167824300580635  -0.308081265237110213 0.105229510399860962  0.726109691422745063  -0.142872188924635879
18 0.0100000000000000002 0.0902168854518284047  0.28280494694877556  0.0892944249799435957 -0.121276327638799045  -0.204885047817651739  -0.651989552567075359
19 0.0100000000000000002 0.62243051319637388  0.168562201467770484  1.06701132753706629 0.365110586170221241  -0.117734949817775755  0.0365367742379526031
20 0.0100000000000000002 1.91475412359530184  2.381923183755986  1.66205107940820151 0.0797975132187237202  0.0411205101332253742  -0.127961766309328262
21 0.0100000000000000002 0.00729247367074969087  0.0129453362074415726  0.311541398895910482 -0.233301365775009401  -0.388129865108583771  -9.42797653011548148e-05
22 0.0100000000000000002 -0.105114694130820654  -0.227357178731252357  0.124460293680660972 -0.556385734163513446  -0.588722464944776203  -0.62562228200462644
23 0.0100000000000000002 -0.905644111737014756  -0.413743205265447445  0.045729018074383801 0.0372654661989025027  0.306094959449877746  -0.196226144587074464
24 0.0100000000000000002 -0.137687343855670358  0.410483003700048532  -0.0629020622039525995 -0.893498583615371489  -0.212460020557800944  0.0924912146904308119
25 0.0100000000000000002 1.00069004373363546  1.44059324433605895  1.04871262193289705 -0.300176883991953081  0.150384647278968192  -0.335351087388417013
26 0.0100000000000000002 -0.323899841322596083  0.480294306196101584  0.357634563530115412 0.566374968070595397  -0.688397028066955685  -0.288128667171014485
27 0.0100000000000000002 0.669554875555510409  0.0230240248516283344  -0.162194124648975257 -0.250387960462423453  0.528568654588999376  -0.578322465901482174
28 0.0100000000000000002 0.553930342126777386  0.539220594166472389  0.0248829761711935916 0.217616581923318397  0.599947482845965219  -0.00980511946364316135
29 0.0100000000000000002 0.560600112381591131  0.494904749060855076  0.182109969425403778 -0.2577521798362718  -0.180012218057674284  -0.717556163889888299
30 0.0100000000000000002 0.861327053127813214  1.15197606217387571  1.2589267500824699 0.153502606054283258  -0.0670926990906133142  -0.524055622788847097
31 0.0100000000000000002 -0.622518810768024511  -0.175016705638826597  0.164857414233181399 0.0605487122865729435  -0.818230549585639122  -0.0807263984535991214
32 0.0100000000000000002 0.346725173411263909  -0.859820848377702118  0.597814092899826233 0.00992257660906603264  -0.0152444936129148209  0.439939262055660973
33 0.0100000000000000002 -1.07266889596777037  -0.0279163882388050628  0.502090438869934652 0.00477343634422851965  0.563327195079492249  0.200316515019789365
34 0.0100000000000000002 0.432896710704578525  -0.372329708476056953  0.596369424162061512 0.0936531383824572988  0.719465159708257751  -0.64215747911942711
35 0.0100000000000000002 0.405500657952220955  0.0901709785375963413  0.379877297133077774 0.053656292876732202  0.197246502326957229  0.605429200129958045
36 0.0100000000000000002 0.583961521548204132  0.0215295943158722407  -0.178195009640116364 0.680822278570954009  0.155661603318711705  0.0389797945312915853
37 0.0100000000000000002 -0.253374118282079952  0.0668184728751563817  0.103958409379987418 1.35133611168549272  0.142721091115476206  0.285668678972686552
38 0.0100000000000000002 0.0319302290728150362  0.183261293784269863  -1.13349867837300788 0.159177155363835865  0.597726643962403159  0.11585592337100839
39 0.0100000000000000002 -0.1297708695268526  0.466215477462465888  0.347089775597970385 -0.36531700697779379  0.688322805738437182  0.1346635631934604
40 0.0100000000000000002 -0.416307788928919953  -0.156001143968046208  0.592196978742050351 0.445275881987256483  -0.0539329222442329476  -0.790612902706117948
41 0.0100000000000000002 0.348778529290264538  -0.114846970696949602  0.140785903159304338 -0.524847434242246669  0.0906293635693691813  -0.125711376899260041
42 0.0100000000000000002 0.360415927044879847  0.94227726845075177  0.770370632699689084 -0.104382122620723078  0.149611499822347171  -0.485515266929507583
43 0.0100000000000000002 0.642996682423765731  0.0546745216602627371  -0.746525235164501422 -0.0427272967187406136  -0.610838789397195714  -0.844682209015163887
44 0.0100000000000000002 0.0890292191634718677  0.463352319169646809  0.0679203568401599012 0.436032032726973662  -0.486809072699782741  0.0238525273125082642
45 0.0100000000000000002 -0.36625041043508183  0.213383334636584127  0.662238051796952831 0.310350326808285781  0.568870884455423553  0.137853250020481544
46 0.0100000000000000002 -0.0862475235346373548  -0.158517169802357805  0.448921495528551262 -0.241563584989421598  -0.181341258268300942  0.804820704930635511
47 0.0100000000000000002 1.29081516397280538  -0.27186969627712293  0.051567066765059455 -0.194007193857141907  -0.0802685696722837821  0.326307795036955395
48 0.0100000000000000002 0.401952136432700002  -1.45754408897872167  1.20154930835590812 -0.53929208226443115  0.26375773215914905  -0.106517948084438555
49 0.0100000000000000002 -0.688642321738468732  -0.44301846470967543  -0.0120981788319030319 -0.47944315938221016  -0.153660734833462126  -0.615829277650038698
50 0.0100000000000000002 -0.689009149880655758  0.0999756362488710137  -0.076083771438095027 0.195667659575213704  0.744534205117315051  0.183666240737811848
51 0.0100000000000000002 -0.261926692609031619  1.18082096257598312  0.183682314428300131 0.201199710747383742  0.261123033724601938  -0.108500017312947047
52 0.0100000000000000002 2.71932570434865895  -1.78070308817142653  -3.9755094013202994 -0.126035218953713168  0.241044777004947947  0.107228562310255807
53 0.0100000000000000002 0.156703877219426718  0.268331359414661352  -0.00267124457010501585 -0.20580265521436103  0.483348465555481943  -0.578085465481078975
54 0.0100000000000000002 -0.0494520734741119086  0.663639501150739997  0.0391192417387687258 -0.308940210905325641  0.192518213908020708  -0.587483106502965424
55 0.0100000000000000002 -0.462600625131090293  -2.61720478279726088  -0.337685032870186974 0.229244742384816791  -0.300984641351390692  -0.137007745010796989
56 0.0100000000000000002 -2.21066290006389066  0.890506804564811461  0.131340367327750229 -0.0247750498261372146  -0.138661058963699069  0.394103114998969772
57 0.0100000000000000002 -0.320164085646758856  0.18548203034714561  -1.39755504475042058 0.465132113057431573  -0.428615381549505792  0.461312767140135305
58 0.0100000000000000002 -1.23263139087078599  -0.0863014361831968141  -0.391709535184352253 0.0750577383724693042  -0.231738838315149853  0.117278691905223692
59 0.0100000000000000002 0.321298815508080982  -0.658116770970575193  0.347859743843319413 -0.00587844279395329048  -0.132265578803062223  0.636392688219194813
60 0.0100000000000000002 0.591453423475228557  -0.389402709002309444  0.687086485180978923 -0.175990896413916881  -0.21337341279923272  -0.431915235804933351
61 0.0100000000000000002 0.514302382044575124  0.202040486370588884  0.275553846520391277 0.0347609348586324432  -0.312656023984131282  0.563955132741028153
62 0.0100000000000000002 0.163581017213991625  0.0131895402002512822  0.0614412320290919703 0.497631827813488692  0.277739548043273776  0.687493796432190996
63 0.0100000000000000002 -0.00815018308349599492  0.315041350702204292  0.107333126342039925 -0.559947662440887339  0.243045137319876065  0.0187744625140144963
64 0.0100000000000000002 0.124007645192746416  -0.080017555217042291  0.187278333619585791 0.0785592769917202588  -0.872528926121241  -0.40362550702843808
65 0.0100000000000000002 0.556057992620457187  0.324735430301749894  0.0555562269106651199 -1.10376948467134883  0.150738928943710715  -0.0465648751623458854
66 0.0100000000000000002 -0.317428408203313694  -0.0294745902712325765  -0.329347745490127186 -0.440663319077214621  -0.40297768427199665  -0.237009062410439036
67 0.0100000000000000002 -0.392535648017987959  -0.722898668466878114  -1.06602061558063554 -0.1068224620126519  0.503589962547180692  0.0451065619089051281
68 0.0100000000000000002 0.390352019729145461  0.174704880754672803  -0.276197363860241352 -0.0154791783940226406  -0.0261114613381469782  -0.11731757646915951
69 0.0100000000000000002 0.219671304188599315  -0.660781002071202828  0.395989687838958049 0.270929061742140875  -0.437026470228283281  -0.8584205339250911
70 0.0100000000000000002 -0.237233152267879388  0.343670102210092032  -0.065380458111031034 0.379944991202376015  -0.158419429170670867  0.0600972770066385831
71 0.0100000000000000002 0.265374698858782232  0.36896090367243195  0.277828793404432728 0.0419306137377744928  -0.492704681780754827  0.694395026070554144
72 0.0100000000000000002 -0.0357282550759016326  -0.256351271881556542  0.188861304339004221 -0.017687299019408579  0.916502659755634608  -0.17829830973687022
73 0.0100000000000000002 0.228650736152250289  2.48108677299563762  -3.1277617438953671 0.0992616342772857235  -0.386416467103069872  -0.124527732343155326
74 0.0100000000000000002 0.122797895323429829  -0.384911835261857571  0.620763477603770597 0.478945621408243427  -0.165225870536049951  0.379900856860716396
75 0.0100000000000000002 -1.21198188631506065  0.630692902948589151  -0.0142768985680282196 -0.295077326899890802  0.480485640097402633  -0.110039683465775348
76 0.0100000000000000002 1.54480868064054766  1.04482207025833063  0.623792009045748164 0.447152548010018802  0.526225410105187752  0.288580420523721459
77 0.0100000000000000002 -0.269508085734753156  -0.0192829509279615098  0.73243334769384083 0.881687584588028206  0.452930384816769838  -0.405073604266919074
78 0.0100000000000000002 -0.35926521899057412  0.013016960915757254  1.04686083346130188 0.427898745525549462  -0.128818998916473026  0.00466669106548555333
79 0.0100000000000000002 0.830625163357425644  -2.98760735669082012  -1.78634242948426381 0.118067299564796641  0.10527188976031801  0.204578027614887914
80 0.0100000000000000002 -0.572800323039586945  -0.0334967361762328678  -0.0721547698004273569 -0.0944911558769820081  -0.067968158307814136  0.556993278037818951
81 0.0100000000000000002 0.318011482181971117  0.232545545312132562  0.436515634197641555 0.252006123518875969  -0.105487949472817061  -0.0404309246168896019
82 0.0100000000000000002 -0.685839156912821046  0.340047709724965286  -0.123333284007027519 0.726156209499116856  -0.530221804610413572  0.4962036959607245
83 0.0100000000000000002 0.0307903870172430046  0.325603911580342131  0.0787930743119431148 -0.389859730174012209  0.570896410568773272  0.210604136403830494
84 0.0100000000000000002 -0.193627031555148377  0.233101481824054407  0.0161269250945683118 0.835935613826880641  -0.576543635084322048  0.375228215390387976
85 0.0100000000000000002 1.59199454557818743  -6.78388834324516843  0.960026643331608143 0.206272316519456406  -0.00129457337485579748  0.364258890199899932
86 0.0100000000000000002 -1.7230342124185265  1.20237816211555226  -1.21792738561002079 -0.74783821970732256  0.18628967532044971  -0.004578132704494366
87 0.0100000000000000002 -0.193943914819337038  2.16656875294827955  -1.76760083934088752 0.0425260440710067342  -0.350666643826699376  0.140204092376765455
88 0.0100000000000000002 0.0432712333802817012  -0.274028148287975004  -0.97043321750843814 -0.130941665303411087  -0.274159157221463112  -0.22772127853929458
89 0.0100000000000000002 -0.444288566880151503  0.0322445297643668  -0.39017150375215276 0.206390736203099806  -0.443526226637374621  0.270956968608092985
90 0.0100000000000000002 -1.24752391951042974  -0.22425693869939009  -0.480532030915000019 -0.168781883088968715  0.515876459460502312  0.705400020815887152
91 0.0100000000000000002 -0.357187124126858657  -0.217482797576979831  0.21539955575481412 0.159190376272078715  0.453568702421349779  0.244921037853190887
92 0.0100000000000000002 0.257889102956856686  -0.754919950313558075  0.1609950186276492 -0.0205672404385482156  -0.556006318862391269  0.435617145734167655
93 0.0100000000000000002 -0.00228289304402751322  -0.238932464703621644  -0.597131568413956426 0.236280635339930323  0.334337704095561405  -0.730503196776842501
94 0.0100000000000000002 -0.571747217693471255  0.145120055406520815  -1.79697208216805104 -0.643130646482093504  0.0385133880689866592  -0.258827037470630461
95 0.0100000000000000002 -0.0950791634143238612  0.238661343098629519  -0.495922488321081545 0.200753474034480184  0.540914043599454275  0.300511977261831931
96 0.0100000000000000002 -0.194908620105840952  -1.55409200648152779  -0.578888553570762632 0.0644222061466821205  0.239455436537200445  -0.616403508742873307
97 0.0100000000000000002 -0.691040066404294606  -0.395514161158173227  -0.992961670034818278 0.383554140568077739  -0.0653538678467631556  -0.0767195800799193445
98 0.0100000000000000002 0.415547354815025416  0.522475009681975244  -0.145491865407501336 -0.621046140821782444  0.0703107384238561839  -0.177044745732418407
99 0.0100000000000000002 -0.504702723037274814  0.0347308271683819184  -0.00798555692476804295 -0.0780520448108296405  -0.681235278201976935  -0.34184885947697452
100 0.0100000000000000002 -1.05707078401045051  0.566939241349236123  -0.242129510111450619 -0.285549339438187888  -0.222225105857439764  0.461414946202038712

