0.4    0.7020543262106704
0.8    0.5005088508479953
1.2    0.36502062040253785
1.6    0.27425145675097035
2.     0.21244720096075334
2.4    0.16977722429403985
2.8    0.13993722798565558
3.2    0.11871783700211937
3.6    0.10324015610828047
4.     0.09153123894458916
4.4    0.08230216463797699
4.8    0.07480198745671644
5.2    0.0685743501883174
5.6    0.06331534804501611
6.     0.05881254124060634
6.4    0.0549122212316386
6.8    0.05150012453444778
7.2    0.048489400874054414
7.6    0.04581278510935374
8.     0.04341733180529127
8.4    0.04126077465810423
8.8    0.039308949768389626
9.2    0.03753393455176999
9.6    0.035912679398108306
10.    0.03442598559798132
10.4   0.033057731033540115
10.8   0.03179427603746023
11.2   0.030624002185783872
11.6   0.02953695047686766
12.    0.02852453471498745
12.4   0.027579312432281296
12.8   0.02669480028231574
13.2   0.025865324130257147
13.6   0.02508589644997262
14.    0.024352115387023462
14.4   0.02366008114221105
14.8   0.02300632630003193
15.2   0.022387757458902376
15.6   0.021801606078176432
16.    0.021245386885786616
16.4   0.020716862522299533
16.8   0.02021401335603363
17.2   0.019735011607116357
17.6   0.019278199078947757
18.    0.018842067923210234
18.4   0.01842524396665652
18.8   0.018026472209996876
19.2   0.01764460417555495
19.6   0.01727858683425845
20.    0.016927452886518757
20.4   0.016590312207621014
20.8   0.016266344297941937
21.2   0.01595479160287167
21.6   0.015654953587700905
22.    0.015366181469722242
22.4   0.015087873524004241
22.8   0.014819470891221835
23.2   0.014560453825968933
23.6   0.014310338332465852
24.    0.01406867314176429
24.4   0.013835036990666585
24.8   0.013609036167788214
25.2   0.013390302296647174
25.6   0.013178490329485395
26.    0.01297327672880868
26.4   0.012774357816461855
26.8   0.012581448272498472
27.2   0.012394279768220412
27.6   0.012212599719597969
28.    0.012036170148878431
28.4   0.01186476664358177
28.8   0.011698177403298414
29.2   0.011536202365766345
29.6   0.011378652404638865
30.    0.0112253485921725
30.4   0.011076121520785933
30.8   0.010930810678077501
31.2   0.010789263870448576
31.6   0.010651336690979151
32.    0.010516892027640603
32.4   0.010385799608322246
32.8   0.010257935579495956
33.2   0.010133182115651514
33.6   0.01001142705691275
34.    0.009892563572489431
34.4   0.00977648984784129
34.8   0.009663108793626852
35.2   0.009552327774687971
35.6   0.009444058357478255
36.    0.00933821607448763
36.4   0.009234720204343216
36.8   0.009133493566382657
37.2   0.009034462328600413
37.6   0.008937555827962438
38.    0.008842706402169345
38.4   0.00874984923202644
38.8   0.008658922193647623
39.2   0.008569865719785519
39.6   0.008482622669636404
40.    0.00839713820652219
