start calculating points
done calculating points
-0.239117350766 0.788882883724 0.566115437283
0.776958767871 0.548551612015 -0.308911317346
-0.607096234226 -0.0426032445071 0.793485428944
-0.158312500681 -0.276545887266 -0.947871048384
0.347035581383 -0.80548784942 0.480370304756
0.981056517762 0.0921179828885 -0.170418268344
-0.660237801832 0.475049150099 -0.581733916858
-0.804011608417 0.408096801242 -0.432460789376
0.613234781709 0.065237742735 0.787202095669
-0.554146379674 -0.636459900262 -0.536507768119
0.604447819298 0.425508721277 -0.67348731381
-0.630134907836 -0.614452817369 -0.474739647759
-0.212935428794 -0.0875622324013 -0.973134810096
-0.837119490039 -0.495326161137 -0.232127020164
-0.154204548383 0.817869693324 0.554355591656
0.105264542378 -0.859186264814 -0.500717823203
-0.763615745013 -0.536594847847 -0.35910578279
0.04119429943 -0.648018017957 0.760510143323
0.659479626291 0.539442764488 0.523534264731
-0.519909439567 0.781439642501 -0.345030809895
-0.311569185798 0.679061045969 -0.664680929701
-0.725572591043 -0.687826040064 0.0209703060995
0.760254132823 0.503173978083 -0.410888794329
0.547709665214 -0.576859479329 0.606009293444
0.25027815352 0.137347767175 0.958382197624
-0.660548046447 -0.327790759891 -0.675447626442
-0.68745670852 0.376070409475 -0.621268316453
0.617578075449 -0.449147691235 -0.645649806151
0.913439178817 0.266419760488 -0.307651390088
0.483542391869 0.813375943938 -0.323429017078
0.673685490476 -0.686161147707 0.274464459083
-0.236057405455 0.427406968967 -0.872697074711
-0.550974475537 0.172933594512 -0.816407434555
0.127580485077 0.965031874301 0.228990614241
-0.462898664286 -0.855661167316 -0.231449332143
0.174706496517 -0.697096218774 0.695366451482
-0.768819344696 -0.0336095888392 0.638582187944
0.653331262434 -0.507862973533 -0.561456553654
-0.500933365167 -0.138107796938 0.854395692924
0.820824165419 -0.243207160124 0.516815215264
-0.114207634349 0.435892471099 -0.892723008495
-0.619242727494 -0.65157916235 0.4381586923
-0.0695327249908 0.640432993336 0.764859974899
0.762555929304 0.119651632935 0.635760915298
-0.0176123558401 -0.863005436165 0.504887534083
0.867455794003 -0.361906288251 0.341385828608
-0.911104341788 0.402053161501 0.0907861977582
0.677682375208 0.423779814146 0.60096361575
0.00562672564729 -0.902151678782 -0.431382299625
-0.403699929114 0.636133221635 0.657541551209
-0.329064196294 -0.72188458062 0.608768763144
0.62165969635 0.328949973853 -0.710866468921
0.63238369594 -0.0895572286158 0.769461086678
0.412126679281 -0.906678694419 -0.0899185482068
0.517785432129 -0.533475899769 0.668806183166
-0.439000155806 -0.89848698555 0.0
-0.712112134727 0.403428333837 -0.574579748192
0.565849991597 0.665625473207 0.486576321277
0.664671672148 -0.0246174693388 -0.746729903277
-0.232481659786 0.618229006394 0.750829656791
-0.64271178212 0.48203383659 -0.595453562846
-0.745113202427 -0.616362024067 -0.254762969948
-0.049808703312 -0.72605763674 0.685827530219
-0.191055992073 -0.857022593012 -0.47854977062
-0.522531023573 0.577741848705 0.627037228288
-0.118087702026 -0.58551818921 -0.80201230959
0.839052794873 0.0568517080638 0.54107142847
-0.335997228034 -0.199498354145 0.920492405969
0.708342145598 0.238203553387 0.664462543658
0.551596380646 0.655426287592 0.515904850134
-0.851436940263 0.43029608809 -0.299833976276
0.541150610209 0.541150610209 0.643670749794
-0.583674893784 0.805869313576 -0.0994900387131
-0.999513426496 -0.0310703179891 -0.00274692448433
0.713458729161 0.590177257578 0.37771344485
0.241881305059 0.013437850281 -0.97021279029
0.807025989303 0.508390821455 0.300412758133
-0.991356697872 0.0996100031355 -0.0853800026876
-0.901837639185 0.0208345329185 -0.431572467597
0.850234070611 -0.425117035306 0.310447308677
0.302301718305 0.812745603312 -0.498054470322
-0.52394787708 0.82096291568 0.226932838481
-0.616274114209 -0.300433630677 -0.727973797409
0.697155733642 0.236133393653 0.676915728472
0.34193072901 0.488472470014 0.802793885501
-0.549086680077 -0.506849243148 0.664535674349
-0.401065466491 0.902397299606 0.157561433264
-0.154161090008 0.916157334902 -0.369986616018
-0.407733842882 -0.452621972374 0.793023621018
0.288188679436 -0.921362347394 0.260842308395
0.209610904075 -0.972594594909 -0.100613233956
0.950156217662 -0.288142612374 0.119067195196
-0.0500492670577 -0.670972986492 0.739790728696
-0.540418222421 0.55799279876 0.629755652144
0.713464383169 0.649203156971 0.263635799785
-0.510646505974 -0.456096730855 0.728845606449
0.508415168016 0.632014845453 0.58486857674
0.609347676149 0.69862938694 0.374983185323
-0.466494652521 -0.609452691196 0.641053941851
-0.0760620688123 -0.930641783116 -0.357939147352
-0.879472002334 0.394689874218 -0.265986654364
0.0713702801094 0.740891479231 -0.667821906738
-0.132770477417 0.617986222161 -0.774896786382
-0.20233841825 0.954938632473 -0.217143668366
-0.384879202595 -0.830528805599 0.402603902714
-0.827489829423 -0.276391714919 -0.488741447113
-0.458078787776 0.25223325656 -0.852374453204
-0.625075720101 0.669050896389 -0.402058754638
-0.406579889988 -0.556492028195 0.724575334671
0.21018302964 0.469196460107 0.857716605806
0.631643561052 0.447474140062 0.633082384653
0.440239586847 0.540413864094 -0.717036931871
-0.529685819105 -0.497024227042 0.687313502539
0.299912312135 0.797235260105 -0.523897456641
-0.294264206806 -0.871474766309 -0.392352275741
-0.69304308193 0.215025299883 -0.688080959625
-0.382549478473 0.868093047304 0.316338991814
0.899656727106 0.321305973966 -0.295601496049
-0.750297072437 -0.542480976834 0.377847446551
-0.712210367932 0.618907699644 0.331224472423
-0.544793111628 -0.836068636657 0.0647278944509
0.285545986204 -0.923265355394 0.256991387584
0.746761392634 -0.383914947937 0.543099194643
-0.442061807499 0.632981254796 -0.635543931941
-0.325096194444 0.722734514921 -0.609891207758
0.542637781278 0.688127621186 -0.481689334831
0.700642414905 -0.696749957045 0.153752085493
0.555687840976 0.713422150003 -0.426895607
0.874472875501 0.484212253376 0.0289081942314
0.209905953808 0.856341988546 0.471824002366
-0.325650325165 -0.451044415889 0.830969795248
-0.707035129079 -0.707035129079 0.0142356066258
0.434583650545 -0.732977354264 0.5233366496
0.762493309953 0.0580157953225 -0.644389726618
0.518564742275 0.568748427011 0.638447989144
-0.00359115624739 -0.833148249394 0.553038062098
0.620362691923 -0.617910665473 -0.483049210707
-0.388811831538 -0.854454743561 0.344575754896
0.829402471531 0.540174942997 0.142487091263
0.876444383933 -0.470287230403 0.103320679407
0.0 -0.844426499417 0.535671435754
0.474783891826 -0.401248339556 0.783313491564
-0.375209508936 -0.889456044026 -0.260932501138
-0.00647475647235 -0.53308828289 0.846034845721
0.341687269042 -0.688885623068 -0.639285858208
0.657553763536 0.629713785645 -0.413622528676
-0.821840419838 0.548692291962 -0.153346317404
-0.0926887462496 -0.199280804437 0.975549054277
-0.0780274314641 -0.382334414174 -0.920723691276
-0.677282836944 -0.64434942204 0.355108125924
0.111737501732 0.802115637431 0.586621884091
0.36756098274 0.371292566321 -0.852666848284
-0.675528396802 -0.729746511079 -0.105505519674
-0.472356541101 0.0 0.881407566384
0.393811851903 0.101801703213 -0.913536336728
-0.688452647809 0.0690425291499 -0.721987590539
-0.424257521831 0.505946858333 -0.751014867838
-0.945027874451 0.0101343471791 0.326832696526
-0.66143396618 0.68049969026 -0.315317744409
-0.29760825857 -0.658091501344 -0.691624826253
-0.559755040252 0.693195096287 -0.454042788068
0.688517762742 0.656357697391 -0.308444263139
-0.243189943857 0.892305959415 -0.380327130243
0.564796339293 0.465239018469 -0.681584734876
0.839829694179 -0.280794122674 0.464586639333
-0.893840800321 0.229046705082 0.385468845138
0.672170663607 -0.552582017935 -0.492787695099
-0.74686300755 -0.228298735932 -0.6245601133
-0.694881371163 0.380218108749 -0.610388458107
-0.513771392411 -0.8338697992 -0.201742693355
0.913157399841 -0.244858738264 0.325864636637
-0.75928134715 0.542343819393 0.359659585492
0.0523946285088 -0.967117517891 0.248874485417
-0.712025142404 -0.632672942799 -0.304540874161
-0.411880773204 -0.249757490134 -0.876342070647
-0.272736016734 0.400248959622 0.874880469263
0.97553721736 0.12194215217 0.182913228255
0.0587259951021 0.903165303983 -0.425257205912
0.220583009977 0.705265406048 -0.67375354748
-0.934002364766 0.291319785201 0.206814809341
0.843988140477 0.300242279665 -0.444453138402
0.769209752461 -0.569932614518 -0.288951850018
0.0286048528594 -0.977332472697 -0.209768920969
-0.0435517838596 0.228128391645 0.972656506197
-0.756912833079 -0.550039550726 -0.35290148166
0.716095941167 0.609443354185 -0.34027253942
0.756922379147 0.60305109468 -0.251789374583
0.18749394722 0.767020693172 -0.613616554537
0.935350232498 -0.218073228363 0.278503159115
-0.481378717526 0.700004885069 -0.527510844622
-0.490581094363 -0.733377161404 -0.470625253237
0.0341120839888 0.843326520834 0.536317764935
0.704876051147 -0.0793694213088 0.704876051147
0.543330044338 -0.836807586534 -0.0674205164506
0.383165671586 -0.0787817268681 0.920313809323
-0.627440953599 -0.0978268153461 0.772494507389
-0.954534330292 -0.0978397688549 0.281587627436
-0.126029537323 -0.96554887465 -0.22766626097
-0.699948202757 -0.438699929897 -0.563573318182
0.786406675267 -0.030413517828 -0.616959933082
-0.72955240038 0.631221424676 -0.263273257528
0.911069797485 0.185438985329 -0.368190449131
0.267342723707 0.644252137458 -0.716566152886
0.97518858751 -0.193913580802 -0.106792986528
0.611827788618 -0.369786026088 -0.699231758421
0.444207514011 -0.676233431982 -0.587697226441
0.0597406303373 -0.975763628843 0.210514602141
-0.0141720685495 0.703879404625 0.710178101758
-0.488549363578 -0.869944777524 0.0671982396
0.347346363816 -0.645485326091 -0.680219962472
-0.662866535868 -0.288561302927 -0.690898205295
0.0320954009357 0.0320954009357 -0.998969354123
-0.499264007157 -0.670016009605 0.549376007876
-0.469214712311 -0.791799827025 0.391012260259
-0.387406132938 -0.658040913749 0.64567688823
0.734310131917 0.632886080548 -0.245446204315
0.930034857187 0.360705342934 0.0701913099764
0.779694708322 -0.625299716575 -0.0328089357462
-0.553343584566 0.489133066221 0.674210442628
0.510489297061 -0.00209216925025 0.859881561853
-0.581589126961 0.701649080784 -0.411634127393
0.117500556803 0.622752951056 -0.773545332286
0.120596306659 -0.863316417513 -0.490042134997
0.369605940208 0.534264510727 0.76023212346
-0.404981725312 -0.242213950545 0.881658779985
0.374342351486 0.292249730546 0.880032896476
0.689798626381 0.584859687277 0.426751685692
0.550263214446 0.463834437308 0.694311176343
0.329530841575 -0.713730394195 -0.618060149867
0.188568848596 -0.953037153717 0.236985174587
-0.0557534458863 -0.983650080995 0.171242726651
-0.746746965106 0.550419124515 0.373373482553
-0.74267759547 -0.284577396395 0.606172990695
0.423865192568 -0.635027124865 0.645816420676
0.560528391355 0.619250413306 -0.549851660091
-0.844346241622 -0.269211845155 -0.46325414913
-0.67563800931 0.355500991124 -0.645857821572
0.921394264598 0.151832463466 -0.357742242688
0.820337982111 -0.403413266497 0.405343473514
-0.739085618707 -0.433944460776 0.515213211381
0.607690047081 -0.584064948059 -0.538127255515
0.547040058181 -0.565376596444 0.617330121523
0.321893689703 0.729927944257 0.602983953951
0.337720031429 0.527573454503 -0.779494342812
0.218263058881 0.736637823723 0.640098393834
-0.561928300491 0.827158458323 0.00674313960589
-0.0258280787307 -0.850604726198 -0.525170934191
0.22997301924 0.742862486611 -0.628703218067
0.775822438761 -0.45519346514 0.436919274934
0.339440665984 0.184103412059 0.92243480417
0.615101662983 0.101112602134 -0.781937456505
0.859487096224 0.510025309847 0.0340016873231
-0.87331905505 -0.477454708297 0.0966996877564
-0.815104218525 -0.324432929084 -0.479946233934
-0.366076851542 0.770353026724 -0.522057423069
-0.136101919732 -0.495933022585 -0.857628535297
-0.442325970567 -0.872421729966 -0.207913589852
0.580397942985 -0.768587579043 -0.269093591747
0.687260024553 -0.717804914533 0.111488848427
0.43613476273 -0.898763693289 0.0448362840189
-0.605504056304 0.566741103472 -0.558721182196
-0.160670242523 -0.66245576917 -0.731667565949
0.748631838801 -0.0939912220521 0.656289585557
-0.0532662191115 0.532662191115 -0.844650045911
-0.711701297797 -0.496729938052 -0.496729938052
0.302790126557 -0.759457202675 0.575797617714
0.612191651095 -0.483164711178 -0.625917921298
-0.702140262945 -0.642699817405 -0.306489797317
0.914849273839 -0.122549902726 -0.384749694605
0.498582084109 -0.66410326183 0.557120061596
-0.554919826007 -0.677434592788 0.482852316136
0.4042998551 0.304718610001 0.862373582553
0.621889571506 0.701344750175 0.34838039878
0.637714545105 0.618958234955 0.458487581448
-0.853657122174 -0.393995594849 -0.340642024714
0.364139816927 0.902993182379 -0.228047158075
0.625139715173 0.337701102418 -0.70367485527
-0.720613245224 -0.681187596549 0.129228515101
0.00871129201342 -0.711422181096 -0.702710889083
-0.574778014901 -0.814268854443 0.0812186325403
-0.773577764764 -0.188752974602 -0.604937812045
-0.617291449104 -0.578624423209 -0.533052571262
-0.311284725152 0.939618707404 -0.142191788032
-0.694399963084 -0.566104357895 -0.444223532966
0.727214102455 -0.681604855611 0.0810831055002
-0.656552842151 -0.3803837895 0.651342105309
0.724091611317 -0.664095449236 0.186194985767
-0.525457527562 -0.32040093144 -0.788186291343
0.65919721682 0.751863918226 -0.0126363683736
-0.594492623547 -0.780853947543 0.191952163716
0.411943848935 -0.125455626721 0.902531523576
-0.965536878145 -0.0393478978554 -0.257274716747
-0.515742199579 0.821648112074 -0.242702211566
0.489660746481 0.864626182975 0.112489630948
-0.323328351079 -0.74540723303 -0.582946682241
-0.966125645841 0.0181716422415 -0.257431598422
-0.888602082311 0.417221745193 0.190558008622
0.703128014767 0.650992270185 -0.286042058112
-0.0383813679538 0.623132797368 -0.781173724237
0.91531438262 -0.366509532663 0.166944132679
0.658802250431 -0.179950614701 -0.73047749527
-0.53921488126 0.145173237262 0.829561355784
0.468565105158 -0.744040194454 0.476288705792
-0.652538393847 -0.338878634486 0.677757268972
0.923403086574 0.156413175889 -0.350516273679
-0.0479585816704 -0.767337306727 0.639447755606
0.995446611654 0.0634851155391 0.0711033294038
0.996860505958 0.0735147865751 -0.02940591463
-0.8933490479 -0.343595787654 0.28960216388
0.298044760301 -0.339729342161 0.892050051809
0.342067762481 0.504758527563 -0.792596035016
0.691305767667 0.589509094186 -0.417822167271
0.958097616431 0.212910581429 -0.191619523286
0.547331554674 -0.762853045042 0.34421417886
0.793374099752 -0.420516307289 0.440140401629
-0.62998441321 0.511178419651 -0.584650547247
-0.452851520396 -0.841009966451 0.296019825021
-0.64946012124 0.758628631648 0.0518087846004
0.327381606465 -0.240236862298 0.913842182076
0.640683704279 -0.623210512344 0.448478592995
0.569311520721 0.694852009906 -0.439391712147
0.086783178978 0.719299041144 -0.68925870996
0.540979511927 -0.783150845786 0.306620156579
0.0992791060093 0.679911453276 -0.726542548523
0.46352998327 0.772549972117 -0.433942963062
-0.417864956426 -0.653689733816 -0.630934711436
0.583212416427 0.644491981921 -0.494462700884
-0.156343036842 0.98582970453 0.0608000698829
-0.62359687748 0.30205473753 -0.721033889587
-0.859015540164 0.155926913231 0.487625983195
0.478351109701 -0.0960193833341 -0.872903484855
-0.307101207016 0.872167427925 -0.3808054967
-0.2194541011 -0.93018613307 -0.294267999202
-0.296385720162 0.724081569509 -0.622785184137
-0.314927072062 -0.857014655119 -0.407856372015
-0.455536051677 0.647903182004 0.610498462218
-0.367208747729 0.656448514776 0.658963643185
0.906484577877 0.0787412451122 0.414831925469
0.674126664056 0.670296398919 0.310251476071
-0.0597963746262 -0.335524102069 -0.940131889956
-0.509115385509 -0.481158182258 -0.713644398762
0.0159373371645 0.932334224124 -0.361246309062
0.774090592309 -0.63261886337 -0.0240235011406
-0.576841125328 -0.814260490935 0.0650704927961
0.586944600552 0.536261362064 0.606563918676
-0.342620528038 0.758437259793 0.554422309007
0.178478354838 -0.315311760214 0.93205363082
-0.666896745408 0.743499749948 0.0495666499965
-0.951059550868 0.0375127897094 -0.306722221742
-0.708272656182 -0.253075841178 -0.659016284409
-0.822829308188 0.0246848792456 0.56775222265
0.774393996628 -0.630644212823 -0.0510079878018
-0.664812970107 -0.491507024908 -0.562534051629
0.682894730675 0.325968418109 -0.653757888833
-0.183833090756 0.0793824710082 0.979746813233
0.234855864239 -0.56987084705 0.787457897742
0.75402161786 0.569900060011 0.326596572852
0.856451055458 -0.0954642896211 -0.507324510558
-0.328969520983 0.729782960342 -0.599329529607
-0.700007526436 0.71215516247 0.053145907647
-0.907056187536 0.315384479 -0.278893712834
0.54658442912 -0.397687291532 -0.736946592365
0.408605598602 0.539608920291 -0.736113902825
0.744798005737 0.152128954363 -0.64971740926
0.702513878458 -0.348461791172 0.620522868771
-0.539088061976 0.801491853733 -0.258833672141
-0.760314076341 0.64571601266 -0.0705218853417
-0.478227711675 0.639490544682 0.601955230103
0.635455058986 -0.421013568492 -0.647259177729
-0.333685636394 0.415932096068 -0.845963585224
-0.526128952261 -0.658177003025 0.53850845702
0.711769604509 -0.257108612241 -0.653665963324
-0.540965003028 0.613995278436 -0.574775315717
-0.275529546907 -0.92788626826 0.251218116297
0.320990801957 0.845881421509 -0.425968925867
0.793501360857 -0.0715073900772 -0.604352780653
0.103487242761 0.965880932435 -0.237411909863
-0.769527113844 -0.587144388317 -0.251176209716
-0.283578004039 0.659752907355 0.695923571136
-0.0483547235319 0.321075364252 -0.945818392284
0.672170704862 0.593007131484 -0.443316010915
0.387374611516 0.680020060391 0.62250592593
-0.526905802857 -0.711108644506 -0.46550485564
-0.633331820993 0.471216167156 -0.613877942533
-0.93159974586 -0.361472456596 -0.0382044059816
-0.0603916901698 0.157449763657 0.985678657415
-0.607421245835 -0.520052436503 0.600487213349
0.963853994953 -0.0129811985852 -0.266114570997
-0.655041873401 -0.633146323315 0.412366193283
-0.0527952792509 0.974682078479 -0.217272879994
-0.030685563761 0.916475504328 -0.398912328893
-0.703594391147 -0.70509140049 0.0883235512291
0.755056472141 -0.645023116904 0.117621862494
-0.237805581434 0.685255557027 -0.688384577836
0.217158352176 0.619132323226 -0.754663777067
-0.082785399847 0.935475018271 0.343559409365
0.570757380813 -0.710978052224 0.410787319063
0.450691785307 0.885215255447 0.115199245572
-0.0316518579944 -0.311996885945 0.949555739831
-0.530549537025 0.767402008912 0.360015757267
0.540589419431 -0.521453510779 0.660188848509
-0.779638620298 -0.267788917407 0.566085432999
0.671733592624 0.349138128689 -0.65335790164
0.393023324659 -0.655038874431 0.64533459481
-0.662623680827 -0.57353142122 -0.481655028501
-0.38088765616 0.230537265571 -0.895420103956
0.88602612418 0.396728115305 -0.239926050684
-0.936340442267 -0.133478318366 0.324730834233
0.184961585178 -0.469844946257 -0.863154064165
0.707098818766 -0.00474562965614 -0.707098818766
-0.549705805541 -0.122915583848 0.826265869198
-0.379637400071 -0.924528727232 0.0334974176533
-0.278665144867 0.765867782251 -0.579475864161
0.600735680324 -0.771022959786 0.211282365258
-0.827403823136 -0.254759215298 0.500500405276
-0.568562270241 0.728720656225 0.381710819927
0.0670741896887 0.854313363403 -0.51541219445
-0.44083384728 -0.647474713193 -0.621644604954
-0.476528461648 -0.864078579835 -0.162138314752
-0.424504589262 0.612210700161 -0.66707864027
0.631053081793 -0.295517540742 0.717245697843
0.602942683136 0.471868186802 0.643273297392
-0.404649348581 -0.142174095447 -0.903352329535
0.89468929842 0.428335669782 -0.126726529521
-0.0287162593669 0.667100794524 0.744413800512
0.144199695046 -0.955904430066 0.255838168631
-0.505741617143 0.78861404707 0.349733186092
0.776147564044 0.107640903043 0.621295738614
-0.189170098262 0.616265474752 0.764481221844
0.948434810694 0.0650017627267 0.310235685741
-0.335811596499 0.465423089885 -0.818908980937
0.205988180716 -0.897519930264 -0.389906199213
0.319052316151 -0.725844019243 0.609389923848
0.580811030651 0.807468993832 0.10321032252
0.431581419609 -0.552812155454 -0.712836726769
-0.13679892515 0.828188087397 0.543498432354
-0.763037152273 0.00986685972767 -0.646279312163
-0.911748348017 -0.185478217856 0.366487081066
0.795556971681 0.604698885838 -0.0377936803649
-0.544037440834 0.804654178957 -0.237812773538
-0.652734836082 -0.109077704703 0.749692795818
-0.0608717138168 -0.69622022678 -0.715242637347
0.63359679604 -0.710040028973 0.307242993904
-0.680667985884 -0.69895458849 0.21943923127
-0.615205382357 0.349710716189 0.70655838577
-0.197263011927 -0.832045268258 -0.518447659553
0.219470489156 0.187663171887 0.957400249795
0.723838672058 0.625133398595 0.29200310066
-0.310650916784 0.825166497707 0.471801079866
-0.492364854449 -0.6139549557 -0.616957180422
0.0701905094809 0.171576800953 0.982667132733
0.498158542446 -0.718497897758 -0.485385246485
-0.749554445599 -0.332913809615 -0.572133313529
-0.923941120862 -0.00294248764606 -0.382523393987
0.601020925521 0.139011642637 -0.787051211992
-0.862706630645 -0.379687040785 0.33402847259
-0.161942490883 -0.609212227606 -0.776295749945
0.167233964745 0.815730116921 -0.553730238821
0.0329442421727 0.331976594202 -0.942712160635
-0.614243794558 0.768436681257 0.179470409109
-0.354939539823 0.421778803816 -0.834338398806
-0.989426299072 -0.017989569074 0.143916552592
-0.14325776362 0.855919802891 -0.496868699136
0.311085787853 -0.793965219744 0.522345539305
-0.290293672603 0.911199583449 0.292309600885
-0.162688993851 -0.313757345284 -0.935461714642
-0.700226062899 0.689425660901 0.185406900973
0.440955244064 0.89012704547 0.115031802799
-0.615571425979 -0.348968308389 -0.706606636863
-0.624239754107 0.384147540989 -0.680261270501
-0.403228865166 -0.356502773495 -0.842800246077
0.580489019412 0.042915530618 0.813136369605
0.357560660743 -0.495817449563 0.791400929111
0.573183385313 -0.336897681261 0.746967709584
0.879223879671 0.262020361491 -0.397882771153
0.207930672005 -0.833844429569 0.511339713807
0.672351456253 0.107699317935 0.73235536196
0.126963655785 0.266623677148 0.955401509782
-0.811657402311 0.583926188713 -0.0155713650323
0.875593807489 -0.0321318828436 -0.481978242654
0.779571812415 0.467032771447 0.417310651293
-0.451104261914 0.85847902905 0.243964549811
-0.802217805296 0.0549137188149 -0.594500694996
-0.512816971353 0.852430859666 0.101884166494
-0.379731767166 0.481150810571 -0.790125105595
0.900888660143 -0.367028713392 0.231710046333
-0.971659495304 0.210026161693 0.108475050545
-0.244174400716 -0.0420084990478 -0.968821009291
0.10096197151 0.693492886271 0.713354257715
-0.985045177842 0.0617030536456 -0.160868675576
-0.0186369558911 0.990864821543 0.133564850553
0.172491196726 -0.802829397107 0.570711613859
-0.84336558467 0.374529764438 0.385307599386
-0.123208099087 0.96976697346 -0.210646104891
-0.378294874726 0.378294874726 -0.844858553554
-0.0257314686268 -0.885897705579 0.463166435282
-0.0825288618903 -0.896664931889 0.43494940726
-0.8364576429 0.00853528207041 -0.54796510892
-0.51774123409 -0.627652780991 -0.581374234927
-0.15474842091 -0.0577727438063 0.986263269264
0.538336228801 0.71066482329 0.452934447462
0.729105932328 0.138177333949 -0.670307066818
0.0273836142604 -0.708551018988 0.705128067206
-0.527173233189 0.582827885373 0.618385024269
0.099939179775 -0.571350405129 0.814598597412
-0.608712658179 -0.569519891455 0.552373056013
-0.656961035721 -0.00334331315889 -0.753917117329
-0.53717836484 0.560466444241 0.630330682442
-0.300485097714 -0.89964514195 -0.316776458433
0.680742043247 -0.172582489837 0.711902770579
0.542431792842 0.274309613871 -0.794054145416
0.119061446982 -0.236138536515 -0.964397720557
-0.48789794155 0.614906294588 -0.61955294165
-0.900878681085 -0.20565964928 -0.382258695944
-0.336461482709 -0.416677465341 0.844496039381
0.283628534064 -0.389460076625 0.876285172407
0.217253504956 0.702878986622 0.677319750745
0.735206714202 0.650491537257 0.190609148126
0.914448799792 0.270602195857 0.300928304013
0.24939505624 0.91083411844 -0.328912320548
-0.784095132633 0.0877718432052 -0.614402902436
0.7594727375 -0.164210321622 0.62947289955
0.580064833067 0.188897193477 -0.792365218656
-0.357120082354 -0.782092980354 0.510681717766
0.260189602064 0.530464072426 -0.806789463765
0.0600824822719 -0.773561959251 -0.630866063855
0.494006219259 0.865858173392 0.0790409950814
0.106799275028 -0.480596737624 0.870414091475
0.0596743373892 0.215490662794 0.974680844023
-0.00271090326174 -0.992190593798 0.12470155004
0.587116000282 0.507970461029 -0.630286294421
-0.451510767674 0.426299506535 0.783841028145
-0.215003707614 0.107501853807 0.970678503491
0.528686256193 0.56961680506 0.629307188824
0.163989515113 0.538090596465 0.826780472029
0.679034539832 -0.609745301073 -0.408806508674
-0.156085216995 -0.218519303793 0.963268767741
-0.27347637412 -0.308890580841 -0.910932095091
-0.640654065346 0.738901334153 0.208775446215
0.741576979318 -0.215843611444 -0.635196913677
0.638331236923 0.202110154171 0.742754816578
-0.423412054366 0.86727879735 0.261820014294
-0.67693302097 0.385759091402 -0.626858523529
0.58123690717 0.48655578202 0.652247751032
-0.732875433269 -0.0739399546918 0.676333114975
0.0 0.75568908279 -0.654930538418
-0.703221549688 -0.444139926119 -0.555174907648
0.88690312958 0.380382897798 0.262129147187
-0.390072994467 0.920669179486 -0.0145368817814
-0.413558555069 -0.573387948332 0.707245065191
-0.887318375097 -0.421100245809 -0.187991181165
-0.455535456172 0.61252790152 0.645985307905
0.680487516387 0.562797879406 0.469249706422
-0.0921659185897 -0.874259570622 0.476629464707
0.863275022351 0.504726291023 -0.00275806716406
0.699544349574 0.0513292499688 -0.712743299566
-0.115367431961 0.862051088819 -0.493516236722
-0.664752933009 -0.723954848163 -0.184371678621
0.845101856684 -0.31339193852 0.433114701551
0.154591503846 -0.787172829929 0.597043049336
0.790073181031 -0.164486225402 -0.59053251415
0.28281364701 -0.909717231216 -0.304024670536
-0.714673214573 -0.454288399961 0.531849834101
0.0728967819616 0.821160808567 0.566022071702
0.183511373632 0.539578217994 0.821692717757
-0.874809957029 0.351540259868 -0.333357142979
-0.835024689305 -0.124630550643 -0.535911367763
-0.633104752398 0.77245661366 0.0498914071183
0.0813717153791 0.672201127045 -0.73588333908
-0.871535866378 0.318493276948 -0.372809959839
-0.408800487761 -0.193251139669 -0.891928336933
0.670010076351 -0.654261976266 -0.350753138261
-0.283592261432 0.468543736279 -0.836685243356
0.837370632393 0.293847951276 -0.460937962785
-0.641341019425 -0.400838137141 0.654225102405
-0.48908986726 -0.351946424751 0.798075695563
0.101042000616 0.558257053406 0.823492305024
0.722521875173 -0.428861072789 -0.542254847967
0.685091831386 0.413229993534 -0.599908455526
-0.632475279045 -0.523229549028 0.571144342895
0.0697537678406 0.219724368698 -0.973065061377
0.37124568682 0.888669362826 0.269153122945
-0.612010391447 -0.727583169231 -0.309945176784
-0.408227846873 0.0215889726712 -0.912624753826
0.390276013991 0.463912997763 0.795279424737
0.604263103165 0.447355004553 0.659347861189
-0.521132899584 0.276096900442 0.807583433793
-0.205701561958 -0.814511830009 -0.542454925485
0.00654195893748 0.843912702935 -0.536440632874
0.363475057213 -0.930748267892 -0.0399192259367
0.590516298199 0.784308024543 -0.190135278677
-0.678484291821 0.657653633739 -0.327338912721
-0.728398775844 -0.43435254871 0.529880257018
0.546490939104 0.783229928918 -0.296476865749
-0.733471352365 0.519041202903 -0.438880399366
0.447769025557 0.875184913589 -0.183178237728
0.375791688073 -0.895909169392 -0.236912151177
0.747862009408 0.651521706886 -0.127365145707
-0.0529807133569 0.844380119126 0.533118428154
-0.624851186931 0.426727639855 -0.65380770535
0.63803154832 0.155359927841 -0.754174406997
-0.260414878818 -0.723374663384 0.639463202432
0.679515651191 -0.733636366773 0.0060134128424
0.720621539856 0.607951071084 -0.333316803451
0.0454507893462 0.716304440096 -0.696306092783
-0.620731570142 0.246840624384 -0.744151882335
0.332963579106 0.699223516123 0.632630800301
0.639000760757 0.590366453384 0.493097838639
0.865288862678 -0.275636371579 0.41868815936
-0.234921839292 0.937105798496 -0.258155867354
0.501629630236 0.432126729661 -0.749422580112
0.911767746591 -0.114997733804 -0.394277944472
-0.919229615298 -0.221798030501 -0.325303778068
0.327187276616 0.172335283103 -0.929111961078
-0.757374742052 -0.257221610508 -0.600183757852
-0.0835188144421 0.208797036105 -0.974386168492
0.560334104047 -0.468109538293 0.683300191718
0.652590125266 -0.0177817472825 0.757502434233
0.576285919708 -0.650805650705 0.494314215612
0.376880900684 -0.919221708986 0.113983491914
-0.116954531521 0.902997778256 -0.413420669563
-0.0679872884147 -0.841996418059 0.53518198829
-0.978917275327 -0.00887236201203 0.204064326277
0.073110863697 -0.715716876191 -0.694553205121
-0.98295933312 -0.0611800414805 0.173343450861
-0.434341329489 -0.884769374886 0.168910517024
0.771277974759 0.10020540617 0.628561184154
0.90845723806 -0.373850715251 0.186925357625
-0.8567104812 -0.0268280944008 0.515099412496
0.420211721969 -0.592116517321 -0.687619181405
0.505786434542 0.554855267744 -0.66054198541
0.925351882308 -0.0747178538509 0.371673426848
-0.729936128257 0.265060605233 -0.630028669362
-0.923807484394 0.0422795187366 -0.380515668629
0.148335975471 0.104384575332 -0.983412578125
-0.0183028507881 0.983778229859 -0.178452795184
-0.867970620853 0.344580611283 -0.357618796575
-0.758514208527 0.52311324726 0.38859841225
0.426556677205 0.894584142471 0.133298961627
0.566068473315 0.0438503746934 -0.823191124927
0.714816938738 -0.576899317617 0.395251719067
0.902548849263 -0.0707881450402 0.424728870241
-0.386413538028 0.920573428832 0.0568255202983
0.47122248037 -0.625062760726 -0.622290863783
0.0258198292067 0.981153509853 0.191497066616
0.379347168393 -0.128091251665 0.916345108067
-0.769404676365 -0.192351169091 0.609112035456
-0.91648609162 0.169060541173 -0.362590371199
0.545041297979 -0.513843647926 -0.662491274647
0.269325757372 -0.687197164428 -0.674702670529
0.789519599418 -0.610337846358 0.0643934425057
0.555605707735 -0.397506522607 -0.730267664639
-0.197869346884 0.915443725344 -0.350443301108
-0.510387417276 0.568789957561 0.644967184021
-0.406302695798 -0.715092744605 0.568823774117
-0.436766649772 -0.54175863289 -0.718145164529
-0.559762151618 -0.794662340243 0.234900188625
0.488199040023 -0.859318672258 0.152424134668
-0.232534075198 -0.620090867195 0.749276464527
0.572397580093 0.647862932693 -0.502627725803
0.641186343741 -0.63347977711 0.433109044691
-0.0912611399546 0.68520659179 -0.722608698329
0.588829672084 -0.240534996766 0.771636269627
0.0216193482047 0.341978780692 0.939458949257
-0.859762490822 -0.45000334626 0.241465210188
0.782477852632 0.277812514905 -0.557268890845
-0.737715833993 0.671200471912 0.0725622131796
-0.501602413409 0.545980106821 0.671044515526
0.545823656238 -0.509804836283 -0.664962829934
0.961494191539 0.198538623622 0.190029825466
0.702611520794 -0.0202398380476 -0.711285737101
0.459135796814 -0.383472968875 0.801338132268
-0.872698444571 -0.155839007959 0.462721977479
-0.681733577001 0.656702322554 0.322461454348
-0.25892495814 -0.560679608604 -0.786508895403
0.748003526295 0.06894041717 -0.660104494403
-0.642937332786 0.27622492816 0.714374814207
0.297704976444 0.686312235771 -0.66358666505
0.346542241834 0.935664052953 0.0666427388143
-0.794417964515 0.585036485496 -0.163194388059
-0.586356901576 0.304421282234 0.750675207328
-0.739113690776 0.658726703259 0.140677228154
-0.624880002959 0.737872003495 -0.255088001208
-0.762750569501 -0.429047195344 -0.483869892527
0.70092967692 0.329436948153 0.632589033421
0.71554696492 0.683808994701 -0.142820865982
-0.66204198302 -0.739223043217 -0.123489696315
-0.18137684194 -0.967343157015 0.177058345704
0.541750283247 0.788788412407 -0.29037815182
0.00456599584559 -0.509108536783 -0.860690216894
0.703366158039 0.454289946172 -0.546714452463
-0.382199656746 0.663440913597 0.643249233618
0.734639299742 -0.130220344101 -0.665843646254
0.0145907683502 0.933809174414 0.35747382458
0.95460433859 0.0893943862225 0.284146441922
-0.787417919154 0.607944841072 0.101863098371
0.36027884793 0.663671561977 0.655544971422
-0.499022349244 0.422375125668 -0.756687483821
0.527585809256 -0.22173896331 -0.820051855691
-0.661833855859 -0.595877904588 0.454868629456
0.97688710974 0.207057593912 -0.0530916907468
0.767835816659 0.630312983825 -0.114602360695
0.494478504 0.749636450903 -0.439927494662
-0.33757887999 -0.176128111299 0.924672584321
-0.65835289445 0.220380841786 0.719724774441
0.605656374799 0.761788754704 0.229909218762
0.458367453778 0.359537296458 0.812792845547
-0.75909621009 -0.466988301397 0.453535963497
-0.608526810797 -0.792104731372 -0.0475942757048
0.271422999464 0.396695153063 0.876905075192
-0.638054775122 0.358396724749 -0.681496802364
-0.950612960732 -0.0798224623515 -0.299938949442
0.252486732176 0.439675171549 -0.861937465016
-0.478591825493 0.65172945648 -0.588386420753
-0.638125807835 -0.377074340993 -0.67127520045
0.538744008153 -0.121945434278 0.833597147751
-0.367015663926 0.283126369314 0.886080674336
-0.199984277493 0.341908603456 0.918207381608
-0.0141085970264 0.849337540987 -0.527661528786
0.82143361347 0.383452950185 -0.422150036901
-0.742187979254 -0.260002158337 0.617702097383
0.512430780348 -0.222966064732 0.829277293388
-0.900650814902 -0.268551054342 -0.34162617117
0.783084001141 0.0628400741656 0.618733037938
-0.746928596861 0.0942904911879 0.658184605155
-0.847862149913 0.432627097007 0.306534777276
-0.815756959786 -0.0359614437029 -0.577275806809
-0.614797687998 0.58330805032 0.530825320857
-0.233437425418 0.420543758768 -0.876726819126
0.513101697094 0.575124979161 0.637148261227
-0.636566154457 0.723511775553 -0.267047264797
-0.633761675716 -0.275372485295 0.7228527739
-0.562036656327 0.505607273161 -0.654580844718
0.192557200211 0.716072088286 0.670941494487
-0.652039851051 0.70938537541 0.267612447011
-0.202738215983 0.911298041538 -0.358375634313
-0.302452497544 -0.382345610103 0.87311758725
0.191912882167 -0.0948782788239 -0.976815006982
0.563612757751 0.622839861108 0.542596688818
0.521941559632 0.620128585701 0.585676997607
0.73478116386 -0.663611260554 0.140416295712
0.458864546132 0.604585043891 -0.651091585728
0.0107360180199 0.957652807377 -0.287725282934
-0.627553367581 0.526101322013 -0.573928714924
0.784460235469 -0.248863247114 -0.568057411891
0.528680852672 -0.668741824835 -0.522762783425
-0.962320163892 0.130043265391 0.238806723718
-0.561236591539 -0.802410548546 -0.202856599351
0.554241343378 -0.767128746795 0.323001577598
-0.65868605867 -0.537082478608 -0.526948846936
-0.416865425621 0.335345075722 0.844847262593
-0.7959996291 -0.453719788587 0.400653146647
0.521471745836 0.509273576343 0.684622262809
0.113940642701 0.761503295387 -0.638067599127
0.334117566041 -0.931047120005 0.146685760701
0.760411462611 0.519753768949 0.389397518216
0.147664136326 -0.8578583158 0.492213787754
-0.00782371487441 0.702178409979 -0.711958053572
-0.957726969052 0.0395754945889 -0.28494356104
0.630081070601 -0.369671842 0.682891333744
-0.433950673137 0.893180026262 0.11796717328
-0.42176450723 -0.632646760845 0.649517341134
-0.468621526508 -0.34340281902 -0.813921598671
0.130215909093 0.899673553737 -0.416690909099
0.464314548516 0.83958247129 -0.281980981519
0.434482556814 -0.896120273428 0.0905171993362
0.518911629807 0.557433453854 0.648073039846
-0.601175754682 0.434696314924 0.670542187915
0.712966365396 0.701017208434 0.0159322092826
-0.507093075402 0.469226212356 0.722968446419
0.0467260258406 -0.560712310088 0.826691226411
-0.146221349482 0.827353711629 -0.542314625296
0.311153867461 -0.590798482521 0.744406087976
0.437918550031 -0.751537074944 0.493375484315
-0.604994426523 -0.434459084819 -0.667253360796
0.529671283624 -0.632879291094 -0.564723059746
-0.40477004053 0.825894426132 -0.392504281726
-0.140998991861 0.296097882908 0.944693245467
-0.724138179708 -0.0262368905691 -0.689155658949
0.67742285433 -0.572619767001 0.461741138378
0.877756525931 0.479094199413 0.00349703795192
0.954578030109 -0.257994062192 -0.149063235933
-0.161459510728 -0.644343047442 -0.747497734852
-0.399483088349 -0.610563672149 -0.683831312807
-0.475369128418 0.223703119256 -0.850870792883
-0.536555035708 -0.823995233409 -0.182045458544
0.648123652634 0.694110253265 0.313283716794
-0.812249323472 -0.259515344014 -0.522401017171
0.0290884325829 0.750066011603 -0.66072296867
0.807478464268 0.525203153666 0.268589234936
-0.628004044249 0.695713375166 -0.348703054219
0.248950342416 0.467260642688 -0.848346166848
-0.629269966385 -0.541291463975 -0.557694235611
-0.824338253496 0.507886127746 0.250036247506
-0.548826095133 -0.62747951641 -0.552321802745
0.52393872861 0.615829521012 0.588423495208
0.277272283406 0.664256621396 0.694178090828
-0.724367243107 -0.285665955028 0.627444865508
-0.919237074785 -0.392483245414 -0.0309855193748
0.323377764823 -0.788460392882 0.523217956567
-0.925719664436 -0.320721773506 0.200451108441
0.618140802944 -0.720377831421 -0.314575472236
0.685907872813 -0.579211092597 0.440505278318
-0.716959370342 0.497888451626 0.487930682594
-0.652469350965 0.348277558961 -0.673042708879
-0.400479446223 0.640148612881 0.655611139762
-0.10580956432 0.136040868412 -0.985036658313
0.546532881781 -0.8163402538 0.18678971909
-0.545157448729 -0.450563918812 -0.706962170954
-0.846748588189 -0.531988641794 -0.00221661934081
0.742765985813 0.0169452316155 -0.669336648813
-0.638105678388 -0.354113590754 -0.683684655416
0.808388702038 0.345715168319 0.476433341414
-0.68922896952 -0.657336626458 -0.304749055932
-0.832482126402 -0.535654482972 -0.141590197728
-0.800076364929 0.501620911944 0.329020168049
0.86516374605 0.160750675153 -0.475027276015
-0.687353441242 -0.423115378672 0.59035465878
0.792633345139 0.608486204349 0.0384307076431
-0.449603049468 0.776304227282 0.441824449996
0.456152512585 -0.834478056199 0.309146015638
-0.30725748879 0.501500728829 -0.808758217619
0.228030975683 -0.678910404875 -0.697912986182
0.552363943031 -0.596807018907 -0.581992660282
-0.154935714014 -0.706401814742 0.690645640435
-0.543094016136 -0.400765929149 0.737858766751
0.743065637069 0.220656547048 0.631794386848
-0.0279336004282 -0.726273611132 -0.686837939939
-0.319299250386 -0.875624324677 -0.362394854732
-0.794000071603 0.32368644034 -0.514578443617
0.831382167077 0.300499578462 0.467443788718
0.27235865614 -0.954221107327 0.123623787184
-0.683529426689 0.202853894372 -0.701168895765
-0.715152540428 0.488396856877 -0.50002535347
0.537257312322 0.115677411744 0.835447973706
0.781503764472 0.617484455879 -0.0892458002637
-0.549979660892 -0.638437928028 -0.538441626048
0.999073095027 -0.0369115675502 -0.0221469405301
0.829728170718 -0.553152113812 0.0746585675084
0.400393743007 -0.287462174466 -0.870086403073
0.748938604426 0.37924976139 0.543378859807
-0.733836626351 -0.223101084896 0.641646095402
-0.746122879359 0.411760759149 0.523214799219
-0.669753858547 -0.365586167329 0.646356343838
-0.42567795308 0.904565650295 -0.0236487751711
-0.102787587101 -0.961986392103 0.253015599019
0.807339364873 -0.559806069039 0.186602023013
-0.344491692806 -0.925821424415 -0.155499722447
0.598659490099 -0.0793612004166 0.79706249114
0.48563585156 -0.776221238149 0.402042795144
-0.936884116074 -0.262173332893 -0.231329411376
-0.0961638743869 0.757535826803 -0.645671728026
-0.403505462754 0.811025905237 -0.423580361398
-0.0245625069217 0.995898007916 0.0870852518133
0.619915952424 0.178989817249 0.763980927283
-0.323402953967 -0.648224341942 0.689358928193
0.717512532482 -0.352906979291 -0.60052679349
0.803201906301 0.44453941984 0.396549368834
-0.548208449812 0.832300278055 -0.0821202941015
-0.542477418553 0.226508115115 0.808957553983
-0.472343257329 0.770880554169 0.427358185203
0.716417517683 0.617010302311 0.32564432622
-0.84586368954 -0.533399117658 0.0
0.0676363008091 0.983800739042 -0.166016374713
-0.131554792289 0.689528566478 -0.712210427217
-0.641228592779 -0.739043123881 -0.206497343437
-0.707843321441 -0.14723141086 0.690855081727
0.70411537476 0.282604130006 0.651426469166
0.605091657792 0.740441107561 0.292593663472
-0.867310410946 -0.227064099003 0.44296111117
-0.603198134171 0.410646286781 0.683755539711
-0.671519841232 0.737033972084 0.0764331526606
0.670594071728 -0.277817544002 0.687837919287
-0.266879411521 -0.482162136814 -0.834442960021
-0.569738946478 0.229706657597 0.789070582598
-0.617297509166 0.775921946506 0.129957370351
0.960664239928 0.0169280042278 -0.27719606923
0.352682967846 -0.350901740736 0.867457602733
-0.0613819173273 -0.804103116987 -0.591312470253
-0.0566882036235 0.413275290933 -0.908839909706
-0.120938004643 -0.461580051053 -0.87881616707
-0.558250522295 0.0684646866966 -0.82684275472
0.924178115586 -0.362652171939 0.119909185883
-0.640890227051 -0.57178789813 -0.512170202591
-0.756551340828 -0.470056842147 0.454617018865
-0.203245236543 -0.193183591169 -0.959880968623
0.954698858028 -0.290293871178 0.0654183371668
0.499292402951 -0.244334580167 -0.8312687347
0.460121677394 -0.705868482365 -0.538551508768
-0.487951912506 -0.839426853315 -0.239302087359
-0.872877805424 -0.0270659784628 0.48718761233
-0.56833119155 0.820271822856 0.0644499289387
-0.0116657917651 0.748277214647 0.66328358893
-0.219736811603 -0.331532733296 0.917497564237
0.0282280106894 -0.354418356434 -0.934660798384
0.21097389988 -0.606131363147 0.766873382103
0.652224007744 -0.183848378022 0.735393512088
-0.661915479035 -0.734539434415 -0.149397851067
0.519064296959 -0.769158912767 0.372782540543
-0.736502293098 -0.130327566268 -0.663761325878
0.822803547131 0.537060055868 0.185905403954
0.687011166345 -0.540838577761 -0.485292994099
-0.553311160143 -0.774180224069 0.307395088968
0.0150109213548 0.0986431974744 0.99500964409
-0.0347356404005 -0.909256469308 0.414784411842
-0.624637377468 -0.630033812694 0.461395211866
-0.489069703825 0.588814182894 -0.64351276819
-0.415357296827 -0.893647517415 -0.169918894156
-0.612116304293 0.76209351845 0.211014452477
-0.832304155998 -0.480832606251 -0.275807535565
-0.395972199689 -0.650018879777 -0.648599624581
0.620443523982 0.62495584052 0.473793236495
-0.0976802431045 -0.293040729314 0.951097103912
-0.708275419157 0.690700346721 -0.145873101216
-0.74238382769 0.385566088185 0.547909704263
-0.65148774734 0.452469297108 0.608962437462
0.758407336875 -0.05617832125 0.649355301507
-0.433157687548 -0.564363128174 -0.702757908013
-0.675890970511 -0.251742686533 -0.69267381628
-0.918696231744 -0.00977336416749 0.394843912366
-0.178273799024 0.463941452883 -0.867742347058
0.641710139882 -0.0164015371216 0.766771860434
0.0743232050476 -0.626900077358 -0.775546487453
-0.737089285019 -0.674506232518 0.0417220350011
-0.631464927613 0.593989264253 -0.498426322686
-0.33128623976 0.893032472395 -0.304536419158
0.0964735169835 0.773756983154 0.62609343675
-0.116371820108 0.00802564276608 -0.993173292302
0.663590177179 0.67837312667 0.315369589154
-0.342445257459 0.767907547029 -0.541340230225
-0.870211597724 -0.243869782427 -0.428087963397
-0.848013416361 0.0552590196125 0.527086033227
-0.263410885944 -0.685172824709 -0.6790823996
0.716103393411 0.482839645671 0.50404544092
-0.235330864676 -0.808682425886 0.539121617257
0.268284043106 -0.742252519261 0.614072365332
-0.80334972605 0.0892610806723 -0.588779820588
-0.799943594489 -0.414785567513 0.433639456945
0.120378826346 -0.50157844311 0.856695980832
-0.551855596388 0.117936881486 0.825558170404
-0.508821851315 0.483380758749 0.712350591841
-0.585619489726 -0.63485298665 -0.5039955343
-0.906921352452 -0.419966421732 0.033494254494
0.192653293774 -0.795586750215 0.574392227734
-0.284909499366 -0.885922968833 -0.366015123274
-0.456571129507 0.733981436043 -0.502806180596
-0.425836946432 -0.624907063667 0.654334820128
0.639758006926 -0.382885473842 -0.666414590548
0.471417150137 0.684150521138 0.556510498538
0.486636569056 -0.825373788693 -0.286256805327
0.150409369759 0.894434385498 -0.421146235324
-0.537831971473 0.781438217376 -0.316371747925
0.198647462506 -0.578177167295 0.791359809985
-0.0522624092474 0.853619351041 0.518268891704
-0.855858300308 -0.214574160761 0.470600148032
0.781726708822 0.610949489356 -0.125076273411
-0.904223975305 -0.362725949979 0.225408268916
-0.202564734743 -0.645460510706 0.736442976311
0.667553217062 0.584654451544 -0.461033485422
0.826986895416 0.306505632567 -0.471324699136
-0.921660055899 0.0941034291308 0.376413716523
0.5475273356 -0.804457638713 0.23035130624
-0.688975285494 0.297792386825 -0.660781923427
-0.102849750117 -0.719948250818 -0.686364658943
-0.922889163422 0.339108111211 0.182431578816
0.852473795343 -0.0548941459123 -0.519879852463
0.096374613384 0.731844720384 -0.674622293688
0.00857461401976 -0.377283016869 -0.926058314134
-0.342348868222 -0.870975797095 -0.352417952582
0.709194293974 -0.0516329892829 -0.703119824647
-0.792632809903 0.537857978148 0.287127191342
-0.549294710533 0.776406946619 0.308978274675
-0.624773464273 -0.68030888332 0.383194391421
-0.237384418217 0.49138574571 -0.837966996307
0.163352662039 0.619845032667 -0.767533740811
-0.476192895238 0.548808820612 0.687058370842
0.589228094197 -0.0723908801442 0.804717225789
0.638326067916 0.730422863784 -0.242944995998
-0.128357265804 0.453901055886 -0.881758608566
0.863186914422 0.504521991532 -0.0191287958875
0.947734566525 -0.314324027089 -0.0547685804776
0.754340440681 0.375995235231 -0.538143180424
0.554918491198 -0.407578064225 0.725221062635
0.805726204745 0.538110001026 0.2474730486
-0.779508713683 0.398572328716 -0.483224858709
-0.161340151464 -0.947873389853 0.274782445463
-0.111335118184 0.732956194711 -0.671103351276
0.429140386207 -0.449023338463 -0.783719701451
-0.132284284734 0.503940132319 0.853548599115
-0.0318974550273 0.743609420323 0.667852964633
-0.336118301356 -0.739067142163 -0.583784418145
-0.543326887676 0.706960424023 -0.452772406397
0.564817317189 -0.825194094616 0.00600869486371
0.398645543532 0.911189813788 0.103994489617
-0.591363663628 0.0 -0.806404995856
0.712287303933 0.672201871244 0.201968910855
0.138738046236 0.424030366665 0.894958101071
0.402434993833 -0.0699886945797 -0.912769225144
-0.674850917788 0.606387781201 -0.420559267607
-0.579677828016 0.434758371012 -0.689172528864
-0.489815798497 -0.138733954488 -0.860716778862
0.960842875161 0.276682503319 -0.0150917729083
-0.94754414356 -0.25456409827 0.193280148686
0.643072879897 -0.634555358309 0.428715253265
0.848542654718 0.371695917917 0.376586653679
-0.704997459164 0.554273864446 0.442446681268
0.947240652298 0.0740640839245 0.311848774419
0.99765457237 0.0629151532125 -0.0269636370911
-0.185507292217 0.491048714691 -0.851151105465
-0.707800560803 -0.703243904832 0.0668309542389
-0.607360097623 -0.208635148038 0.766540988349
0.491951950978 -0.802992539338 0.336431656798
-0.8171413016 0.45862346557 -0.349205684444
-0.634958467281 -0.758295723515 -0.147700171046
-0.419983445475 0.561046587467 -0.713330661208
0.571711705626 -0.430242227448 -0.698596701517
0.545869817286 -0.503503801616 0.669708940014
-0.0801669209744 -0.192400610338 -0.978036435887
0.894576370441 -0.327826123329 -0.303748498452
0.693609850858 -0.383239684131 0.609944849392
-0.434446684662 -0.0767961311272 -0.8974176466
0.332922571214 -0.843403847075 0.421701923538
0.546235360132 0.617043647557 -0.566466299396
0.708302284545 -0.68510461147 -0.170116269214
-0.387089029355 -0.57088669797 -0.724051421816
0.666606857715 0.099493560853 0.738739689333
-0.871248876751 -0.303359636752 -0.385873457948
-0.720612584698 -0.446554107296 0.530383759208
0.698120713724 0.117706399407 -0.706238396442
0.176279133764 -0.98288971553 0.0534179193223
-0.433611766628 0.845632905871 -0.311264878119
-0.259050744353 0.81514634223 0.518101488706
-0.849704080644 0.147774622721 0.506128082818
0.643372230217 0.0873148026724 0.760557886436
-0.635657712928 0.770904034827 -0.0405738965698
0.360615531497 -0.659528785741 -0.659528785741
0.2404091406 0.0472936014296 0.969518829306
-0.364949013612 0.61863308405 0.695776777984
-0.845375833056 0.531147405901 0.0567638449055
0.230865899271 -0.543994360351 -0.806703831936
-0.146193830877 0.157889337347 -0.976574790257
-0.647575974034 -0.425899023354 -0.631866583829
0.820789981724 -0.390305725575 0.417091412624
-0.96031485934 -0.15321877531 0.233065179345
0.968050735516 0.250142308919 0.0175099616243
0.448145292484 0.441978155431 0.777059268619
0.814567670318 0.43993528186 -0.378069382848
0.616771404263 0.703303511727 -0.353492864533
0.83758974717 -0.502553848302 -0.214203279604
0.350221164531 -0.460020232329 -0.815920658987
0.84533396804 0.459275935392 0.272903092044
-0.195559504649 0.650574193683 0.733832200612
0.712623952848 -0.699800385573 0.0494623309175
0.187312139402 -0.57243990266 0.798264818388
-0.563905535709 -0.1741182005 0.807275293225
-0.577072626112 -0.501213313759 0.644804154998
-0.343641306885 -0.492669424666 0.799492020099
-0.63015332908 -0.617661302733 0.470532992419
0.581623939228 -0.813144148047 0.0225873374458
-0.614713989257 0.656025413266 0.437901094497
-0.632496179981 -0.772355071264 -0.0584484918794
-0.894873141651 0.0791198814265 0.439251755506
-0.248559483322 -0.210122449818 -0.945551024183
-0.737591939907 -0.41808206732 0.530250426845
0.145497047794 0.70989768374 -0.689112391198
0.929523805169 -0.343290041682 0.134675324044
0.476218802512 -0.688194245094 -0.547361245571
0.551961209691 -0.831828865309 0.0583057615871
0.694113679254 0.407700455814 -0.593284534268
-0.0292402465422 -0.440431213542 0.897310065763
-0.629052925451 0.774411768783 -0.0676670477577
-0.524035983423 0.591693211329 -0.612605445409
0.545806578835 0.550451741208 0.631742082737
0.606341825048 -0.795202393505 0.00165667165314
0.949281385243 0.281738592946 -0.139600203712
0.69493893968 0.494143941308 -0.522380737954
0.715643440364 0.294919342859 -0.633148519284
-0.505949351486 0.79587538436 0.332562214179
-0.58861809787 -0.781509839402 -0.206811764117
-0.374363688884 0.168648988557 -0.911816509559
-0.431368386191 -0.627630779909 0.648074779254
0.528852806454 -0.470315663755 -0.706482756713
-0.680375325052 -0.258684368379 0.685690757279
-0.718723083067 0.199031007619 -0.666201011612
0.649395201746 -0.145507638566 -0.746400294124
0.0726679727337 0.462780247409 -0.883489563236
0.711265519832 0.308793323244 0.631464998094
-0.536346095917 -0.508456098929 0.673650696472
0.655965070777 -0.0589832352469 0.75248309209
0.249070450608 0.568997150095 0.783713055791
0.264624012585 -0.200602074056 -0.943256560988
-0.317617704484 0.107667018469 -0.942086411606
0.172446865226 0.924770002528 0.33920866896
0.667977081404 -0.548911680187 -0.502496354289
-0.627532235234 0.71783565445 0.301521586198
-0.375103678299 0.720118826253 0.58371748869
-0.296722508783 0.834030835498 0.465132581335
-0.187522067851 -0.549406760194 0.814240557773
-0.667787180814 -0.255985085979 0.698950582586
-0.0533664583105 -0.986291210998 0.156146303946
-0.305964423316 0.900895246432 -0.307853092596
-0.273127740562 -0.21535071852 0.937563494046
-0.754367512397 -0.243800273327 0.609500683318
-0.781611086643 -0.605945968685 -0.148032402773
0.593637621334 0.387154970435 0.70548239057
-0.201784943612 0.953699365074 0.223025463993
0.118224449331 0.376840432242 0.918702491674
-0.318428673165 -0.670299627072 -0.670299627072
-0.609231232261 0.247500188106 0.753379693465
-0.581752297312 -0.620156483198 -0.526279584365
-0.71480916131 0.381331247142 -0.58620332894
-0.371420736251 -0.925898835368 0.0689781367323
0.246601630746 0.275193124166 -0.929223536145
-0.403051876394 0.85826340738 -0.317699714334
-0.569058520388 -0.205082778451 -0.796312410023
0.758547807151 -0.611676363853 -0.224626913279
0.609605304586 0.298645022954 -0.734297298705
0.488156547832 0.858793926741 -0.15548690042
-0.556739570542 0.170799160284 -0.812938310968
0.90139868445 0.401307633488 -0.162581041259
-0.624376759045 -0.624376759045 -0.469369071765
-0.8578480189 -0.188567211585 0.478057719511
-0.625536375088 0.70144415993 -0.341585031789
-0.369861512719 0.48227040384 0.794114424368
-0.648567958781 0.708935859479 0.277073185255
0.00487037695315 -0.61123230762 0.791436254887
-0.473422432839 -0.607215729076 0.638091105131
-0.423153844756 0.695778653828 0.580373059804
0.353653172766 -0.929163304846 -0.10763357432
-0.705638254898 -0.708566214462 -0.00292795956389
-0.543370383568 -0.570538902747 0.615819768044
0.230432400514 0.92570257448 -0.299959417911
-0.376129694121 -0.883167271979 -0.28025349758
0.920117167644 0.383950126745 -0.0772444041972
-0.63094714733 0.520946493354 0.574909078323
0.611292624048 0.171161934733 -0.772673876796
-0.692800143566 0.511463193236 -0.508363416308
0.71289260297 -0.119094999555 -0.691086476291
0.976693737797 -0.204674790641 0.064634144413
0.19224003133 -0.0986494897612 0.976377001227
-0.166468342812 0.902078452266 -0.398174279429
0.757354329057 0.567249193828 -0.323485351075
0.768869885706 0.0706104997077 0.635494497369
-0.491266096655 -0.359002147555 -0.793583694596
0.936033452046 0.309432546131 -0.167609295821
0.359479308176 0.890995142407 -0.277312609164
-0.70336263739 0.583703433519 -0.405673886296
0.0723235756546 0.546631676459 -0.834244035457
0.72931275203 0.679483930463 -0.0800281073656
0.00179794185137 0.679622019818 0.733560275359
-0.277825830492 -0.481892590941 -0.831018855807
-0.665112210965 0.22929667547 -0.710667841853
-0.327323149469 -0.336110348113 0.883113463669
-0.409113105459 0.741899139003 -0.531236420521
-0.668545267952 0.68043051716 -0.300102542503
0.59942686282 0.80042162691 -0.00355742945294
-0.491667065096 0.85089244845 -0.185055500516
0.969431917547 0.0382670493769 0.242357979387
0.514652390872 0.579819414391 0.631618843342
-0.503801775519 -0.310506400422 -0.80608284083
-0.689392234925 0.482779131876 0.54005801193
0.442009916941 -0.871533678036 -0.212264649378
0.370627385619 0.627761217746 -0.684507994492
0.267697557199 -0.669243892997 -0.693145460604
-0.461316797507 -0.505251730602 -0.729319889391
0.74567003321 -0.664508669052 -0.049034990846
-0.294024563179 0.910994138374 -0.289204488373
-0.845852291219 -0.0190384760081 -0.533077328228
-0.708895909516 0.283188183175 -0.645965202144
-0.273137215454 0.728365907877 0.6283941166
-0.100016053247 -0.171138580001 0.980157321825
0.125174995159 -0.693678098171 -0.709324972566
-0.276486638479 -0.580450209974 0.765919507836
-0.121919878066 -0.991261617318 0.0503582105054
-0.774883181825 0.430668545271 0.462688511462
-0.694619582202 0.461614279312 -0.551738971939
0.593847938336 0.00383127702152 -0.80456817452
-0.0979699082934 -0.846607886762 0.52312234051
-0.809198684527 0.0244594060814 0.587025745954
0.29297371167 -0.791302828716 0.53666212605
0.542267114522 -0.838683222139 -0.0505651007111
0.502433842511 0.181434443129 0.845364877876
-0.454245176846 0.642517848829 -0.617115980387
-0.824742144588 0.545207692221 0.150163135569
0.472997236928 0.735773479667 -0.48467618105
0.789893241841 -0.550057670061 -0.271118472447
-0.210271135039 -0.446826161958 0.869558756359
0.39264819682 -0.817679750078 -0.420983633704
0.58417688662 -0.53445970478 -0.610811091177
0.303776236098 -0.887961305517 -0.345318285479
0.615350941059 -0.66370981277 -0.42524405201
-0.493626792269 -0.579297557869 0.648650082403
-0.684247344842 -0.356930847309 0.635929195206
0.0 0.472615807516 0.881268573413
-0.756923911799 0.488338007612 0.434272013912
-0.155667903764 0.677155381371 -0.719185715388
0.789924348322 -0.425548470477 -0.44150653812
-0.959224385951 -0.24086251101 -0.147898033076
0.321581544934 -0.480679782955 0.815801603465
0.739348308684 -0.673106119178 -0.0170947585823
-0.519063100142 0.637031986537 0.569880466589
0.829413648115 -0.293597751545 -0.475261360314
0.696266122272 0.409663555663 0.589397368621
-0.744203880254 -0.590561788847 0.312085498171
-0.707767507974 0.387694303731 0.590557602195
-0.411936014434 -0.827739972665 0.380992464054
-0.503533015249 -0.802775492883 -0.319383798244
0.469420198711 0.352065149034 0.809749842777
-0.109311837828 -0.358090503228 0.927265934675
-0.928626388406 0.109968914417 0.354344279787
-0.463498596119 -0.852757157362 -0.24077849149
-0.624395640251 -0.708247332946 0.329417364161
-0.674270115786 -0.731736318836 -0.0996080852866
-0.59632291214 -0.00191129138507 -0.802742381728
-0.531258403883 -0.743761765436 0.405688235692
0.761034124179 -0.308289286415 -0.570775593134
0.935386415243 0.293035993157 -0.19794484306
-0.526158203869 0.664835559927 -0.530236949635
-0.600567730121 -0.0731569756238 -0.796220106789
-0.033421012314 -0.98777658617 0.152251278319
-0.97188838565 0.0060869836262 0.23536336688
0.357129179436 0.618271069537 0.700142581028
0.728103141503 -0.529326516982 -0.43552181777
0.315191292494 0.628308958063 -0.711254035035
0.551249302885 -0.413436977164 -0.724702747327
0.810497862176 -0.583751436448 0.0482439203676
-0.981637039 0.185062720467 0.0462656801168
0.490440674349 0.86856669045 0.0711326168903
-0.92029626805 -0.0925297878202 -0.380122371586
-0.847631470539 -0.488336936758 0.207479942042
-0.923811249506 -0.359492160441 -0.131674454115
-0.957868726807 -0.135681193861 -0.25313655571
-0.657877843181 -0.332386918672 0.675807428005
-0.302256703923 0.722252937864 -0.622086472028
-0.0302408292043 0.997947363741 -0.056449547848
-0.659672689895 0.466563376828 -0.589194838411
0.755899650064 -0.56739134227 0.326623305583
-0.148756203035 0.946254735971 0.287182114192
-0.926974853747 -0.29192025781 -0.23558476946
0.301103806829 0.829387731385 0.470587386721
0.577548462162 -0.743379208724 -0.337379794729
-0.765045373898 -0.170562063878 0.620978387904
-0.730989204492 -0.672173981142 -0.1176304467
0.527929323037 -0.822827343328 -0.210346839648
0.625176256307 0.681162189707 0.381015380087
-0.262019389558 -0.36807485676 0.892113635876
-0.0945537148749 -0.584513873772 -0.805855524502
-0.596676637337 -0.795568849783 -0.105105640723
-0.75931021488 0.359567535618 -0.5423644392
0.217142764462 -0.434285528924 -0.874211129653
0.298012910133 0.701114583313 0.647785957289
-0.826824342307 -0.366229260315 -0.426893002821
-0.711629426333 0.362310316449 -0.601925904221
-0.187485054402 0.187485054402 0.96420885121
-0.604737689462 -0.214128909498 0.767099170291
0.694650629279 -0.51850200345 -0.498614255372
0.939067430202 0.204438124757 -0.276328454342
-0.306449523158 0.65084041585 0.694618919158
0.724273102955 -0.665014394531 -0.182165659228
-0.181367722557 0.571204091731 -0.80051960301
0.98019605882 -0.0753996968323 -0.18311354945
0.581108491507 0.709015523604 0.399512087911
-0.485188289024 0.689239438613 0.538090438917
0.294521535629 0.777640194951 0.555457282108
-0.957252929617 -0.281705862145 -0.065640200888
0.875584537496 0.437792268748 0.204180427862
-0.545103794954 -0.717088414752 -0.43433403983
0.824994871415 -0.22542113388 -0.518236215002
0.724025958583 0.661744155694 -0.194630634028
-0.693407088232 0.70616918188 0.143219050944
-0.870770715208 -0.452894152146 -0.191429486989
0.118449043953 -0.919390198305 -0.375088639186
0.538396526504 -0.538396526504 -0.648273368647
0.00641607389288 0.998768835992 -0.0491898998454
-0.71498798732 -0.0785979702373 -0.694704640162
0.383540046653 -0.106758569687 0.917332895089
-0.293778330012 0.638779548334 0.711094214183
0.707420714201 0.548251053506 0.446068061454
-0.793473425169 0.491822370972 0.358483861509
0.652153182073 0.331698601227 -0.681668735572
0.192441908685 -0.830999151138 -0.521925782645
0.77785562981 -0.628391634826 -0.00803569865507
-0.351431933128 0.610256802797 -0.709987486522
-0.89113882195 -0.452163461455 0.0376802884546
0.51578117714 0.479560588858 0.709923530334
-0.822469806287 0.049190777888 0.566677761269
-0.765707532508 -0.534646008381 0.357555059233
-0.273559962195 -0.961668482484 -0.0189387666135
-0.175673128737 0.110226276855 -0.978258207086
-0.170897431634 -0.0150791851442 -0.985173429421
-0.0331264420905 -0.761908168081 0.64683736924
-0.575645800587 -0.168035334853 0.800247485787
-0.720167947034 0.362248807025 -0.591721158886
-0.578048266233 -0.715771175302 0.391831375098
-0.656663024164 0.752458571218 0.0509879524645
-0.703771099461 -0.695681776479 -0.143989949085
-0.550690457008 -0.0597359139806 0.832569301104
0.584782570147 -0.433328091548 0.685752222547
0.388105958802 0.734415891272 0.556782779358
-0.78127816722 -0.191892883177 -0.593954162214
0.352208223799 -0.553470065969 0.75473190814
0.766322068541 0.637528443576 0.079422735395
-0.645770272909 0.62285584387 -0.441623541473
-0.580861249239 -0.388120925628 0.715515447927
-0.525408542855 -0.227888042684 0.819763931322
-0.511902673362 0.630737222535 -0.583203402866
0.583671416896 -0.543793245556 -0.60300628785
0.768444627458 -0.324215565431 -0.551703835098
-0.478887189507 -0.874489650404 0.0770383739641
-0.894911118311 -0.228114598785 -0.383533336419
0.902362366129 -0.261339920245 0.342700461453
-0.85164439973 0.176497732741 0.493508223586
0.129764843975 0.950527482119 0.282238535646
-0.580607797031 -0.136506535352 0.802658427871
0.711401828331 -0.610672365913 0.347831424914
-0.923987122089 -0.355217017188 0.141663929474
-0.452745043819 -0.327179035572 0.829443068558
-0.607918246768 -0.612705004617 -0.505002953024
0.794783082998 0.0383688384895 0.605679521871
-0.270871883117 -0.768775113356 -0.579321368517
0.312986425146 0.670685196741 0.672473690599
0.524108037646 -0.849307603173 -0.0631455467043
-0.152336254987 0.897459241339 0.41395721464
-0.902405682552 -0.386182344498 -0.191120854165
-0.561020073657 -0.826229563023 0.0510018248779
-0.753594155303 0.291932870973 0.588957594347
0.751313344759 0.659574031083 0.0221439722666
0.723641332694 -0.54801602049 0.419549356933
0.1801146855 0.948743634089 0.25970024421
-0.601660820894 -0.682713573968 0.414616006108
0.577185588518 -0.383458937701 0.720982690156
-0.611231318212 0.599841914767 -0.516319622837
0.764847118541 -0.157790809556 -0.624588621158
-0.0507471180591 0.653622880601 0.75511711672
-0.617944434799 -0.785018300503 -0.0434849787451
0.569936999451 0.153534048832 -0.8072168931
0.20831493933 0.092836005571 -0.973645912086
-0.119642582795 0.96283792821 0.242133798514
-0.957619566805 -0.256264391117 0.131504095442
-0.502067670892 -0.679747463513 -0.534669467703
-0.54369323271 0.626173011046 0.558842579751
-0.755810583872 -0.422076040344 0.500601815292
-0.0430281069988 -0.977694209027 0.205578733439
-0.724765490182 0.67322661088 -0.146563688015
0.611201496339 -0.509817361875 0.605408117227
0.706411846451 -0.706411846451 -0.0443238805616
0.773720093384 -0.589771933928 -0.231357478904
0.831684963678 0.255235260252 -0.49310757763
0.111685871522 -0.497351146624 0.860330229072
-0.103115042539 -0.213104421248 -0.97157284526
0.911320222609 0.161716532196 -0.378606940082
0.449653488522 0.686769797582 0.571103305357
0.631271895144 0.416987899666 0.653924220329
0.14699783065 -0.755988843341 -0.637865586569
-0.579468017467 -0.0443308865822 0.813788417973
-0.42746661898 -0.417788129493 -0.801701545784
-0.675673346458 -0.554115291137 -0.486232221283
-0.145248223444 -0.0580992893774 0.987687919416
-0.725852580565 -0.155109576345 -0.670133606539
-0.74924427018 -0.453530273974 0.482642014533
-0.178130183942 -0.938152302095 -0.296883639904
-0.829771149839 -0.311928712348 0.462796194137
0.933978561708 -0.35024196064 0.0708139483262
0.655428023395 0.51576930955 -0.551721057668
0.249622084518 -0.932323448201 0.261652064495
-0.347302333489 0.605048719348 0.716447581033
0.495105803021 -0.755288954608 -0.42942850262
0.552231067098 -0.707368145227 0.4412155433
-0.657241584623 -0.748003517737 0.0923267940303
-0.784262405197 -0.247775210433 0.568805700472
-0.460338176057 -0.754767669373 -0.467348402088
-0.852412217496 -0.440572606795 0.281583361734
0.474379231485 -0.407091397232 0.780538877337
0.4435435771 0.219193046823 0.869035962109
0.611373491382 -0.743501828347 -0.270975063946
-0.35922829748 0.932959822953 0.0232593861678
-0.819357834983 0.150171693228 0.553264132947
0.0434028703664 -0.123355526305 -0.991412933633
0.309520228627 0.642849705609 -0.700672165902
-0.593154312002 -0.306882925901 0.744305603864
-0.262830792086 0.310618208829 -0.913474850817
0.522029885896 0.74480697096 0.415628890045
-0.452717767282 0.0162514070306 0.891505757108
-0.98246294344 0.131845676392 -0.131845676392
-0.0775911432139 -0.3709235139 0.925416317843
-0.624353181766 0.332317016101 0.706928925161
-0.825398327849 -0.538622962271 -0.169123933546
0.453912620035 -0.731111166621 -0.509352329352
0.556484806119 0.441116004851 -0.704089007742
-0.833148249394 -0.524308812119 -0.175966656122
-0.125786348562 0.482562173576 -0.866782292821
0.630795221229 -0.275447246603 0.725414504413
-0.141949072956 -0.909241359202 0.391319065986
0.435310893288 -0.550856377309 -0.712082634083
-0.68170233151 -0.727888126327 0.0738972717084
-0.922042248254 0.361537618394 0.138306337238
-0.378411646827 0.427583781725 -0.820960860913
0.468285693744 0.633800464809 -0.615634209448
-0.659110853885 0.445684482151 -0.605754260951
-0.224710409047 -0.427848618826 -0.875471753648
-0.465476550376 -0.638036393039 -0.613384986944
-0.481521081448 0.866737946607 -0.130010691991
-0.00851843146503 0.391847847392 0.919990598224
0.258148728544 -0.956106402015 -0.138635428292
0.940784317999 -0.224616325059 0.253914106588
0.402502580919 0.89840355078 0.175677922059
0.250801027365 -0.752403082095 -0.609088209315
0.419570268499 -0.383085897325 -0.822925260921
-0.501452200856 0.207919205233 -0.839830515254
0.841842576797 -0.347717586068 0.412787543695
-0.643154237863 0.0232816013706 0.765382645058
-0.239348991769 -0.565129563899 0.789519243683
-0.566671221328 -0.802511267199 0.186706702981
0.752055885381 0.10069367503 0.651362210351
-0.198711754586 -0.584212558484 0.786898548162
-0.248449334948 -0.233956457077 0.939966650555
0.691768894955 0.72040420869 0.0497350185916
-0.413207065883 -0.730209433221 0.544108540953
0.484894360329 0.379482542866 0.787953335535
0.587026191405 0.124716187185 -0.799903821255
0.483465648941 0.496731474674 0.720776531501
0.248966786631 0.125851342692 -0.960300462718
0.726539121991 0.347626374159 -0.59270296794
0.11121171698 0.622090541858 0.775006652705
0.620653949684 -0.770109081381 -0.147379365979
-0.00948939546326 0.0284681863898 0.999549655464
0.536031370275 0.566105737585 -0.626254472203
-0.288676476231 -0.778018307891 -0.557990505885
0.063269610687 -0.776490676613 0.62694432408
-0.416381493348 -0.69396915558 0.587395320973
0.449626331014 -0.649300644148 0.613387997901
0.523330079059 0.850844598735 -0.0467877885252
-0.433291560692 0.899574864584 0.0549862386665
-0.121754669332 -0.190858670844 -0.974037354653
0.180506780413 0.441766594169 0.878783009907
-0.925579984712 -0.296594691234 0.235230272358
-0.0450829395355 -0.884319198581 -0.464701069058
0.418539169486 0.25489979495 0.871694360508
-0.525880662087 -0.611673881884 0.5910199586
-0.287783317758 0.566100079011 -0.772471010824
-0.162268084691 0.293129443314 -0.942201782079
-0.335636101879 -0.213812627863 -0.917405345135
-0.573029581087 -0.794847483443 -0.199636112121
0.562854225995 0.0863915788736 -0.822028962616
-0.618811718693 -0.208984659383 0.757230129453
0.680714801696 -0.603259288155 -0.415578620729
0.0121792832423 0.249675306466 0.96825301776
-0.729028777735 0.178323585921 0.660846230177
0.707902549512 -0.583062019739 -0.398638509846
0.550924349537 0.429156703548 -0.71575616301
-0.316323440021 -0.466790806085 0.82586065692
-0.0880557095324 0.868816334053 0.487241592746
0.669846154413 -0.559734457797 0.487855989173
0.452011713557 -0.736062790383 0.503881910195
0.703372819635 -0.049560144473 -0.709091297844
0.352157307722 0.668862537485 -0.654681706302
-0.600593083585 0.300296541793 -0.741019523992
-0.243485105782 0.823753348534 0.512001390663
-0.627606301961 -0.507388756797 -0.590480295366
-0.283332718463 -0.13124971517 0.949997938375
0.500314188437 0.538799895239 -0.677776058694
0.960054821065 0.265452945916 -0.0884843153055
-0.0565326305035 0.59958850534 0.798309267109
-0.539899892723 0.083255590934 -0.83760170273
0.698211386753 -0.137935854409 0.702477444106
-0.0981270895573 -0.324834503362 0.940666582653
-0.68327559529 0.719395891076 -0.124916022927
0.210133461501 -0.492858482429 -0.844354454394
0.339841276685 0.940312705415 -0.0178863829834
0.787986170572 0.221374041231 -0.5745183451
0.454385945534 -0.322524926046 -0.830368041642
-0.819381056237 -0.439094154538 0.36852545113
0.544731596339 -0.588953349548 0.596993668313
-0.923987534006 -0.0134888691096 -0.382184624771
-0.412392043461 0.574281482009 -0.707201231554
0.544085180144 0.837054123299 -0.0575474709768
-0.211359594072 -0.791702886269 0.573178560195
0.673774633873 0.253788445426 -0.693987872889
-0.248624838628 -0.915227666834 -0.317086750714
-0.316055222373 -0.64057620963 0.699836563825
0.148932542681 -0.891027453628 0.428823010824
0.705109382023 -0.0887328660523 -0.703524866558
0.846132068354 0.144989382557 -0.512872890537
0.286928950717 -0.749372951075 -0.596751168778
-0.898906836261 0.222390672588 -0.377503494646
-0.0819281624688 -0.515775022815 0.852797691152
-0.377523272792 0.198106271861 -0.904560713026
-0.572763211358 0.386840074687 0.722701224803
0.505136727062 0.128637303165 -0.853398694168
-0.780465082231 0.581236290748 0.230301171806
-0.76580375179 0.406054082344 0.498662908142
0.78190147696 0.570755086557 0.250736338603
-0.983587077287 0.180093408517 -0.0110826712934
-0.345643010033 -0.938173884375 0.0189913741776
0.682786998125 0.228825912885 -0.693859219716
-0.892773732273 -0.180712507741 -0.412671846035
-0.776889472344 0.481129941318 -0.406148651762
-0.00715214545472 0.624024690924 -0.781371890928
-0.048072878103 0.0218513082286 0.998604786049
-0.650926229911 0.642090127243 0.404988038972
0.793195537218 -0.608831169108 0.0128626303333
-0.501280411828 -0.759081766482 0.415346626943
-0.740548015889 0.150045676422 -0.655038114272
0.148254028532 -0.585002382855 0.797366261563
-0.308071854816 -0.802149357823 0.511515532525
0.0389805849242 0.530569072579 -0.846744928075
-0.563985336572 -0.549985700558 -0.615983984625
0.0451022878051 0.433374156736 -0.900084787066
0.733983389985 0.0852691409777 0.673793408118
0.770454262012 0.21206948121 -0.601187795358
-0.913991028134 -0.394721492234 0.0938900636867
0.513815603435 -0.528767909355 0.67557236748
0.585634213373 -0.784614177762 0.203502236307
0.575687945499 -0.746926569514 -0.332692183801
0.651929680204 0.465204142171 0.59880948404
0.886331651433 -0.395062375812 0.24154072718
-0.203615109492 0.724178266777 0.658867759959
0.173937674453 0.511700367868 0.841372936889
0.926317106679 0.37130038514 -0.063817253696
0.650635389138 0.749422961311 -0.122632848215
-0.826864973931 -0.359084554407 0.43284246288
0.815571135289 0.0772646338695 0.573475282498
0.881465727976 -0.364164866431 -0.300669453822
0.87037042958 0.021023440328 0.491948503676
-0.956861236477 -0.280459327933 0.0758889946171
-0.170493306156 0.524594788171 -0.834105713192
-0.598267074452 -0.543392465833 -0.588898238834
0.57529888589 -0.679898683324 0.454718563847
0.458074224033 -0.717943254974 0.52414262173
0.240946459996 0.724678665942 -0.645589369913
-0.771506218441 -0.314900497323 0.552825317522
-0.828185724057 -0.463874517573 -0.31452955094
-0.658030425364 0.441137715328 0.610240506203
-0.69610019803 0.550603845163 -0.460738450745
0.482211135223 -0.0999706012047 0.870332292841
0.28275813523 0.89734813164 0.338842393458
-0.498296460503 0.633010329185 -0.592451314958
-0.501062660802 -0.555756120255 -0.663378734019
-0.617559260606 -0.783625616399 -0.067464457041
0.179049620188 0.95493130767 -0.236743386693
-0.664385765577 -0.177061243149 -0.726113538418
0.89515214878 0.0571841667525 0.442077596817
-0.513452803106 0.767966046024 0.382876443695
-0.58544106011 -0.794330828036 0.162164425101
-0.0680993040192 -0.359412993435 -0.930690488263
0.460413586762 0.763224061132 -0.453330300812
0.527123208258 -0.847089046734 0.067685081216
0.793694441397 0.352500396609 0.49577475136
-0.36437937592 -0.233202800589 -0.90157868442
0.538227909691 0.824592759078 -0.174234034868
0.0881106418269 -0.825558404943 0.557395581992
0.881865800556 -0.336321325267 0.330455255641
-0.793372556822 0.155155520185 0.588631251836
0.296641841767 0.643561961799 -0.705571838326
0.36261044998 0.814854943776 -0.452244493796
0.929923577732 -0.0828439712901 0.35830017583
-0.537832935138 -0.495649959833 -0.681958100764
0.504456900324 -0.180004444609 -0.844465295697
-0.132459611314 -0.990994129086 0.0196236461205
0.660104164208 -0.434041094274 0.613083045661
0.28809957351 0.753491192256 -0.590973484122
-0.224133723582 -0.950132089099 0.216825015205
-0.180061011764 -0.978923247055 0.0963706823526
-0.452174132498 0.650417963987 0.610323705933
0.882019855138 -0.460352468252 -0.100581211551
-0.813281555097 -0.361931582111 -0.455607991599
-0.567624958349 0.597834690026 0.566034972471
-0.830771040672 0.35265382951 0.430644580267
0.461674013738 -0.199313010336 -0.864367646867
-0.793279401465 0.357576699903 -0.492794779698
-0.266449977019 -0.96359991689 -0.0218999981111
0.725040425567 0.558319899902 0.403231038818
-0.422968385972 -0.806283485759 0.413527127357
-0.61745118272 0.410401684323 0.671062213555
0.971283495869 -0.10816566204 0.211916399099
0.487863199933 0.772144387863 -0.407164024004
-0.168426479753 -0.77298889655 -0.61165405805
-0.490228821561 0.350749491577 -0.797903814172
-0.930649716411 -0.362917456979 0.046712147928
-0.288612271772 0.763881393223 -0.577224543544
-0.90218658776 -0.1564275132 0.401982330433
-0.00237405155184 -0.947246569184 -0.320496959498
-0.120437150541 0.615567658319 0.778826906829
0.0482212133301 0.734446172258 0.676951648672
-0.277720528226 0.843169531642 -0.460365560303
-0.767545532658 0.485013434747 0.419089278568
0.163959439677 -0.695414175184 -0.69965450552
-0.868695878996 0.281116438296 0.407849258839
0.280792470125 -0.930533185878 -0.235082068011
-0.123935508373 0.968720402183 -0.214990167586
0.16102880317 0.752761152168 0.638294894493
0.434371905991 0.66548003546 -0.607006894269
-0.638603857855 -0.408813348334 -0.651963771199
-0.584626208578 0.385678782375 0.713767520324
-0.428358017203 -0.13794580215 0.893017561287
-0.779248528846 0.520656032637 0.348839541867
0.263044531491 0.503542388855 -0.822953605666
0.265383932017 -0.467148428277 -0.84341194833
0.452640872907 0.850964841065 0.266411485197
-0.874260608598 -0.484476911565 -0.0308303489178
0.0494264941336 -0.782586157115 0.620577093011
0.470080197411 0.878742881593 -0.0826774216552
0.848340347849 -0.447980142107 0.282192215501
0.863396259791 0.459662381225 -0.207984119261
-0.444574351252 -0.644179162018 0.622404091753
-0.245323905092 -0.507336511211 0.826090700821
-0.73842071655 -0.514907719388 0.435436431508
-0.0876094397892 0.917161322793 -0.388766889064
0.75083933225 0.0210909924789 -0.660148064591
-0.087612638 0.993655528536 -0.0705174891219
0.924575255358 -0.0352416577155 0.379366080113
0.388123436059 0.0767220745698 0.918408363233
-0.721582419317 0.0298998240048 -0.691682595312
-0.643707621274 0.0165524816899 0.765092487
0.59879870093 0.412748974009 -0.686351513599
-0.96523037398 -0.0709055487995 0.25160033445
-0.817640276202 0.0460642409128 0.573883668039
-0.83412796405 -0.418405023768 0.359399187083
0.158491817925 -0.987271949157 -0.0132076514937
0.818929674377 0.557569140001 -0.135907477875
0.109043521466 0.90803514239 -0.404452334165
0.245713696844 0.357649936517 0.900950221762
-0.00702325778997 -0.887271567466 0.461193928208
0.739805440312 0.606640461056 0.290990139856
0.922341862744 0.0132393568815 0.386147909044
-0.420348591905 0.208930661065 -0.882980769978
0.648009698897 -0.720010776552 0.248330247423
0.589367574947 -0.736709468684 -0.331519260908
0.486915200438 -0.861796814935 0.142196474464
0.168780059931 0.764071892931 -0.622661572448
-0.419088037394 0.897515973889 0.137223516669
0.441333015212 -0.405158177899 -0.800669732515
0.713976807955 0.643557177582 0.275810218964
0.153146474952 0.804626717603 -0.573691556962
-0.717195249849 0.472438140773 0.51228232132
-0.600538967731 -0.716882699371 0.354164006611
-0.365298185321 -0.847633653317 0.3848043991
-0.309913182591 -0.644954461068 0.698561065624
0.301541469186 -0.511454315139 -0.804665909485
-0.535927949549 0.567702333909 -0.624896225758
0.499996471489 -0.529137370134 0.685577983913
-0.375179908544 -0.852430821618 0.364145205351
0.652713008944 -0.754699416591 -0.0662911649708
0.60860964762 0.758346941875 0.233461372764
-0.948614835997 -0.145736916145 -0.280874783843
-0.567617659697 0.229593988011 0.790630629984
0.693735927264 0.57174422819 -0.437994293061
0.478159334416 -0.74633335266 -0.462979673006
0.765237047634 0.643532680581 0.0166718311031
-0.795844395351 -0.0694050344783 0.601510298812
0.759563887251 0.323554487037 0.564247459101
-0.539306084338 -0.205449936891 0.81666349914
0.770175574119 -0.573379922688 -0.279401233513
0.299230338919 -0.824034317947 0.481070314109
-0.51739862567 0.315038274297 -0.795644108809
-0.644952076898 0.542407395215 -0.538359578833
0.527362439957 -0.414032402717 0.741933977132
-0.883635729544 -0.458545935376 0.0944643987041
0.485576682837 -0.604763686806 0.631249687688
0.174987530138 0.858071382725 -0.482796920501
-0.621856325169 0.632690059057 -0.461517063627
-0.529011123493 -0.607120148438 0.592918507539
0.306745900656 -0.603266937957 0.736190161574
-0.834367024591 0.532533792193 -0.142265345207
-0.640336034812 -0.164804984831 -0.7502060247
-0.742795505205 -0.250990262033 -0.620692134486
0.867058324787 0.472270066267 0.158653225387
-0.599946504314 -0.666765190813 0.442140670241
0.292933757548 -0.920648952294 -0.258060691173
-0.303035980595 0.643951458765 -0.702492500471
-0.876874766428 -0.467666542095 -0.111259378966
0.517531818148 0.307561766214 0.798477662285
-0.318877134185 -0.435933297367 0.841593449084
-0.414002746129 0.370037852735 -0.831669233374
-0.802124453377 0.59037795338 -0.0897230932189
-0.814506786959 -0.0784811227018 -0.574821196005
0.521771858202 -0.550961892227 0.651302634189
-0.35658988194 -0.467111892132 0.809104527442
-0.547608484286 -0.374199130929 0.748398261857
0.0445639308206 -0.715993821851 -0.696682785162
-0.806602192481 -0.23797269654 -0.541074762658
0.234207956094 -0.826616315624 -0.511714862053
0.5333593201 -0.169705238214 0.828690513874
0.246981668356 -0.700558065588 0.669491189065
-0.681737767866 -0.612486753071 0.400116974368
0.961023917636 0.190063226051 0.200771013434
-0.800759681913 -0.277933578916 0.53060046884
0.685614106524 -0.711806106099 -0.152529879878
-0.893206836363 0.0881828405326 0.440914202663
0.153097095879 -0.44398157805 0.882859919571
0.142475663027 0.20911750541 -0.967455711842
-0.6567483502 0.137003794909 -0.741560223239
0.807899746265 -0.543242932834 0.228440617909
0.305285323513 -0.338388551364 0.890109015544
0.218580483966 -0.286182695502 -0.932910519195
0.388107225774 0.15510093156 -0.908469307314
-0.611353260984 0.491926112327 0.619883771602
-0.163898399172 0.865530872032 0.473279647047
0.826937729679 0.0212035315302 -0.561893585551
-0.0635008136559 -0.91480859673 0.398864485776
-0.0147248061302 0.952905310999 0.302910297536
0.767670138323 -0.631879429894 0.106822023965
-0.704780102023 -0.350695868074 0.61668258927
-0.723338149207 0.688822013457 0.0480224497399
-0.72308144107 0.593856042967 -0.352828895944
-0.160812499515 0.324350634615 0.932167370071
0.777264454647 -0.627988499781 0.0386058503964
0.0557480431208 0.443329676246 0.894623358653
0.334722641726 0.854830131177 -0.396517590968
0.909872453439 0.330862710342 -0.250323761114
0.760106632992 -0.572904150132 0.306624756409
0.648067532412 -0.596721710786 0.473214193902
0.870967741935 0.193548387097 -0.451612903226
0.538737772771 0.833602479679 -0.121936532932
-0.460849745866 0.779741311086 0.423817177002
0.841868488996 0.376107480798 0.387040837798
0.725121201686 -0.0830535297086 -0.683594436832
0.192902612192 -0.313979783674 0.929626418328
-0.112720980397 0.790704524258 -0.601731115945
-0.693767615417 -0.474387045136 0.541888759069
0.0667530895714 0.311514418 -0.947893871913
-0.811499828247 0.104532181266 0.574926996961
-0.324969332544 -0.264435829423 -0.908002546815
0.684318051582 0.021384939112 -0.728870008066
0.410891679114 -0.81724311868 -0.404081319792
0.433866587133 -0.856886509588 -0.278397726744
-0.160943711609 -0.76593694079 0.622444956946
-0.754075918858 0.338910525329 -0.562591472047
-0.999444380713 -0.0330285432038 -0.00447718614381
-0.00740106490483 0.421860699575 0.906630450841
-0.753494740172 -0.0675301889777 -0.653976566942
0.614881709946 -0.665405257314 -0.423268621933
0.237805487779 0.503588091766 0.830570637462
-0.529215901558 -0.848170939872 -0.0231643323914
0.301850749952 -0.915889604305 0.26463627393
0.814101165083 0.515539543773 0.267316800475
0.389996765157 0.156607298799 -0.907401056386
-0.0358971048295 0.3649538991 0.930333300165
-0.697187910713 0.685828433552 0.20873039282
0.0610614774868 -0.157015227823 0.985706708001
0.184269763408 -0.669749717004 -0.719360807152
0.972657509642 -0.22926927013 -0.0370536194149
-0.0425892170485 -0.89630943152 -0.441379158502
-0.205538266699 0.402330224178 -0.892123540568
0.826880006515 -0.491252974392 -0.273751657486
0.765425447189 0.107268649369 -0.634521332705
0.642444571049 -0.410743250343 -0.64695823314
-0.697934567814 -0.654124822215 0.291561410364
-0.52947184451 -0.127926083237 -0.838626545668
0.625687205365 0.779868006687 0.0179280001537
0.451316726149 0.561638592541 0.693451731606
0.755077923891 -0.620308514492 -0.21230797371
0.622752880017 0.362006755457 0.693635321645
-0.958297843235 -0.103384829561 -0.266414753098
-0.337113922903 0.439159218484 0.832762501441
-0.765925640639 0.259039569485 0.588435565251
0.0400510977452 0.735938921069 -0.675862274451
0.19405949131 0.980511113985 0.030640972312
0.248666281778 -0.564827697182 0.786851163056
0.496976172462 -0.346108405822 -0.79575351424
0.0640443924847 -0.623916339689 -0.778862450539
0.930352037093 -0.101400766986 0.352367665275
-0.559389320914 -0.665831823274 -0.493712032224
-0.795811517593 -0.464363591661 0.388652136499
0.435980426823 0.692960759707 0.574218123133
0.65154523837 -0.757461459386 -0.0417245719153
0.817654299717 0.558633788696 -0.139175199952
-0.344844600833 0.630878494547 0.695035629586
0.64356935204 -0.206742486148 0.73693692643
-0.839878016455 -0.273816030443 0.468646667489
0.517833241498 -0.4334891908 0.737520071225
-0.55692745939 -0.753239054271 -0.349946756092
0.629421709416 0.418778672431 0.654563010896
-0.538541154047 -0.586199663254 -0.605263066937
-0.537657346903 0.791784452275 -0.289830913565
-0.69147094094 0.693075281871 0.203751298143
0.675304203682 0.58923602086 0.443582173007
0.567127541652 -0.823541589739 0.0120665434394
-0.185423899409 -0.127251695673 -0.974384412579
0.435903366825 0.261900788298 0.861043687556
0.729492935454 -0.237820041229 -0.641312470729
0.448048740158 0.448048740158 0.773630824673
-0.982160960794 0.175818937426 0.0666899417823
-0.36878523394 -0.631216673822 0.682321743694
0.550922932886 0.375383763094 -0.745366320963
-0.145261350161 -0.779451147206 -0.609389078725
-0.206775205955 0.939522295019 -0.273023572911
-0.451896757623 -0.662332262665 0.597582876498
0.540057391593 -0.134215446431 0.830857525527
0.834889591567 0.110347003374 0.539242903281
-0.836291933906 -0.543904152503 0.0691670020524
0.894762090636 -0.442209010112 0.0620644224719
0.158059772031 -0.72406428902 -0.671377698343
-0.266287845786 0.865435498804 -0.424396254221
-0.217075529868 0.914002231025 -0.342750836634
0.404120619854 -0.914703123434 0.00217269150459
-0.991839762089 -0.0780464075086 -0.100809943032
0.752912695731 0.260130420423 0.604528441827
-0.806400977944 0.44861214814 0.385311047482
0.670148857003 0.598398444047 -0.439112527286
-0.636902958112 -0.526727801851 0.562949771033
0.170051059544 0.845153765936 -0.506752157442
-0.94835560297 0.257952724008 0.184613224045
0.0931603271425 -0.234403403778 -0.967665333545
0.745697705063 -0.410133737785 0.525095467315
-0.133478384504 0.705766958062 0.695756079225
0.861777214871 -0.0614093027224 0.503556282324
0.587742322027 0.563555395194 0.580486243977
0.686167880727 0.710385570635 -0.156607728072
0.214861782675 -0.781315573364 -0.585986680023
-0.731792865086 -0.305542381814 0.609198699543
0.665981384242 0.602816139551 0.439410397851
0.134841584379 -0.290428027894 0.947348567179
-0.58310010858 0.671767393132 -0.456861940743
-0.378606452909 0.769833120915 0.513823043234
-0.0393144775059 0.411767422299 -0.910440531716
0.466553529749 0.882719278284 0.0559864235698
-0.00894729213084 -0.966307550131 0.257234648762
-0.469723377275 0.877172821956 0.0996382921492
0.681489469798 0.569293032697 -0.459866877994
0.265141438647 -0.771173574601 0.578784359973
-0.0198514222053 -0.813908310417 -0.580654099504
-0.429014129105 0.891544987046 0.145239158291
-0.429860712086 -0.899400874519 0.0793589006929
0.826291981708 0.263455414458 0.497828088358
0.61541422512 -0.0298521825618 0.787638355285
0.624242343681 -0.498632603794 0.601404209156
0.511507893045 0.569965937965 -0.643038494114
-0.666446579286 -0.67793703755 0.310242373116
-0.820776576376 -0.570840851991 -0.0215993835888
-0.200333610878 0.97918162868 0.0327075283066
-0.535562207469 -0.0736398035269 0.841278967565
0.492324671485 -0.699025869437 0.518632096679
-0.427848369125 0.155806053496 -0.890320305694
0.538521674957 0.630387137156 -0.559112209588
0.521891641351 0.665312245082 0.533843358329
-0.0937724222095 -0.0180331581172 -0.99543032807
0.293417866205 0.119846734084 0.948442257663
-0.553083634967 0.786607836397 0.274493359576
0.467776631517 -0.572726516793 0.673178549843
0.341439110554 0.809014962586 -0.478449709056
-0.63261824972 -0.0309537981515 -0.773844953786
-0.345361715245 -0.895121180328 0.281927930812
0.385636574945 0.920551824063 -0.0621994475718
-0.857085086733 0.4779552056 -0.192260176689
0.0486262955361 -0.227659474556 -0.972525910723
-0.571437344081 -0.459815472205 0.679727219781
-0.386410482269 -0.915695428569 -0.110402994934
0.677684109694 -0.180009841638 0.712980157074
-0.448327059124 0.291154929201 -0.845122272372
0.24131886584 -0.437034166481 -0.866467738763
-0.629383854527 0.773617654522 0.0734281163614
-0.348663475972 0.12452266999 -0.928939118125
0.583321511517 -0.555481166649 -0.592601626473
0.491517626576 -0.678191568377 0.546320985637
-0.911858562329 0.361893866924 0.193769944495
0.179685069856 -0.703283499221 -0.687826719018
0.667657146178 0.697919226458 -0.259119062398
0.30538976755 0.739364700384 -0.60006410466
-0.315306397711 0.228410933775 -0.921091917723
0.118822468506 -0.739339804039 0.662765324335
0.741952308337 -0.0336486307636 0.669607752196
0.716687493449 -0.6876627663 -0.116098908596
0.997278271906 -0.0356170811395 0.0645559595653
-0.68054299367 -0.312313317736 0.66281341668
-0.50887582717 0.470043067049 0.721182991786
0.903782480267 -0.390014016381 -0.176256334326
0.783430298762 -0.510755857115 0.354069797363
0.378700950989 -0.863438168255 0.33325683687
0.601739977662 0.330501124095 -0.727102473009
0.837456387004 0.0894991558631 0.539125867461
0.985069785222 -0.0337624724774 0.168812362387
0.778556784355 0.309451683908 0.545975263965
-0.515391633634 0.344688672176 -0.784577072857
-0.417548514053 0.696926428911 0.583049561442
0.150556224894 -0.881829317234 0.446889111986
0.0983479806908 -0.969430095381 -0.224795384436
-0.265932332897 -0.62103957982 -0.737285449888
-0.867118244945 0.369360712857 -0.334183502109
0.24511339583 0.834917504546 -0.4927800562
-0.579666979926 -0.668726327246 -0.465608517568
-0.387635682162 -0.628086387262 -0.674719251282
0.535629359804 0.779097250625 0.325743247028
0.876819788346 -0.377737096319 0.297492428189
0.46694310229 0.244953758578 0.849683350068
-0.095470285884 -0.703008468782 -0.704744292162
-0.0314608504077 0.933993996478 -0.355900870237
0.898912560788 -0.41093145636 -0.151959028133
0.938672412437 0.344316518099 -0.0184455277553
0.373507492986 -0.734564736205 -0.566486364362
0.846857241711 0.485901696064 -0.216176672943
-0.544396904596 0.70287363154 0.457821655617
-0.598505722501 -0.629060068694 0.496058797028
0.528933328808 -0.589006089143 -0.61098392829
0.594041971055 0.258774447665 0.76167573275
-0.0591526084317 -0.976018039123 -0.209498821529
0.643888573782 0.66976589235 0.369893436002
-0.568036715453 0.794811063096 -0.213564191469
-0.665762965639 0.445237706581 -0.598767950229
0.880851757179 -0.146808626196 0.45005267375
-0.809629538796 0.560315045897 -0.17477717028
0.700363439567 0.569454385443 0.430363515435
0.484026421976 -0.268231308845 0.83292880115
0.91829984943 0.19963040205 -0.341867063511
-0.378980025836 -0.103882849721 -0.919555595683
-0.710095441611 -0.700792881241 -0.06821877605
-0.826793113169 -0.543423673081 -0.145271674982
0.888794239244 -0.192256909907 0.416031346029
0.115644200338 0.98141294341 -0.153150427475
0.326860460369 0.542768287401 -0.773669713533
-0.515697704167 -0.712876238113 -0.475250825408
-0.999578760398 -0.00477125899952 0.0286275539971
0.661933928524 0.173180388277 0.729281857299
-0.778122321972 -0.08379778852 0.622497857577
0.628385765236 -0.748262434297 0.212684412849
0.655571867491 -0.216640128625 0.723389646887
0.334846850304 0.519200734179 -0.78632574959
-0.0916238301419 0.736583732514 0.670111542018
-0.6709627712 -0.0848711858559 -0.736617839504
0.529003408956 -0.611660191605 -0.588240769854
-0.0857818787765 -0.573178917279 -0.814927848377
0.535449626186 0.526249460787 -0.660571875604
-0.34583017997 0.84614287688 0.405516606969
0.450274843428 -0.720439749485 0.527464816587
-0.483768014783 -0.727232963399 0.486929897232
0.970737768033 -0.0637245799584 -0.231532640515
-0.656747974361 -0.753013964089 0.0406456401071
-0.880695367143 0.383591759911 -0.277908315854
0.00239613938325 0.428908949601 0.903344547484
0.642855804992 0.680478409355 -0.351689562527
0.680823953333 -0.154865534449 0.715887847926
-0.501858350755 -0.650557121349 0.570011953944
0.694171328899 -0.0305435384716 0.719161496739
0.71904638584 -0.267753008541 -0.641311641425
0.70925546564 0.699840570078 -0.0847340600543
0.338732335976 -0.68330488464 0.646803555333
-0.801385210118 -0.586119502081 -0.11935524406
0.361713638628 0.89290149955 -0.268123396465
-0.323691086121 0.889071516545 -0.323691086121
0.635096097154 0.408276062456 -0.655716100309
0.873397098636 0.129318477019 0.46952554733
0.62827840341 -0.476322696538 0.615128390315
-0.663493158693 0.636473075308 0.393292324836
-0.527671151386 -0.623321511153 -0.577090503932
-0.276660877873 0.729774756593 -0.62521001535
-0.753311648986 0.16712543206 -0.636074405601
-0.0107208857399 -0.816574130526 0.577141015667
-0.382227162562 0.340364187615 -0.859101051093
0.613647055356 -0.120061380396 0.780398972572
-0.677540216724 -0.661944661863 0.320575294358
-0.107168422788 -0.968890026433 0.223085288253
-0.699773823801 -0.359947557929 0.61705295645
-0.0867297469508 -0.221160854725 -0.971373165849
-0.457111269015 0.69144267768 -0.559424982658
-0.474845430357 -0.710560068447 -0.519255434635
0.137969552486 0.630980753369 0.763431523756
-0.551290870611 0.317664556541 0.771471065886
-0.216190127442 0.676830529705 0.703677669715
-0.248860833775 -0.965580035045 -0.0756536934675
-0.0679396114161 -0.655007535704 0.752561849532
-0.478743082424 0.577466938404 0.661314596907
0.802841288043 -0.11006695078 0.585944649741
0.656058601807 0.745045273861 -0.120393732778
-0.500258464737 -0.795865739354 -0.341085316866
0.430769179107 0.53368331746 0.727749978355
-0.64574089936 0.521629138759 -0.557603562122
-0.210917867455 -0.428789071201 0.87843815127
-0.369286033538 0.453214677524 -0.811310225198
0.592774430898 -0.299106364215 -0.747765910536
-0.620451054945 0.680557250893 0.389720818887
-0.488869360265 0.627466343846 0.60604681002
-0.115141447899 -0.98482685224 -0.129840356141
-0.0652746270739 -0.806607891698 -0.587471643665
0.729545163355 0.187197439998 0.657815303169
0.27481836858 -0.226725154079 -0.934382453174
0.20510060054 0.702692492284 0.681290690488
0.832466864323 -0.537691712366 0.133740578203
-0.639912350946 -0.657840929744 -0.397186976449
0.350696268603 0.862426538094 0.365010402015
-0.649767424885 -0.453837555228 0.6097817372
-0.577337263433 0.503047542035 0.643136730956
-0.593164009355 -0.629854566634 -0.501437616156
0.62780415565 0.707779207326 0.323898959285
-0.252271201479 0.963805359498 0.0862465646083
-0.740874846595 0.206827561341 -0.639004555189
-0.942464887878 0.216512203972 0.254720239967
0.213981994908 0.475239081713 0.853439816899
-0.644764047906 0.402091865041 0.650078037312
0.376471630373 -0.329412676576 0.865884749857
0.329547686747 0.753251855421 -0.569218731653
-0.0648330135605 -0.664143065741 0.744789009438
0.479495600258 -0.875600661341 0.0583733774227
-0.804806948219 -0.579807156244 0.126922959576
-0.884794744033 0.465412264202 -0.0230148921858
0.395096447492 0.9001681948 -0.183292166362
-0.323876022531 0.295536870559 0.898755962523
0.922042248254 0.206246292373 0.327567640827
-0.664752603955 -0.667880851503 0.334722487638
0.832667877328 0.514294865409 -0.205341173368
-0.675870426987 -0.201381800694 -0.708974284635
