   6.987  6.987  6.987  6.987  6.987  6.987  6.987  6.988  6.988  6.988
   6.988  6.988  6.988  6.988  6.988  6.989  6.989  6.989  6.989  6.989
   6.989  6.989  6.990  6.990  6.990  6.990  6.991  6.991  6.991  6.991
   6.992  6.992  6.992  6.992  6.993  6.993  6.993  6.994  6.994  6.995
   6.995  6.995  6.996  6.996  6.997  6.997  6.998  6.999  6.999  7.000
   7.001  7.001  7.002  7.003  7.004  7.004  7.005  7.006  7.007  7.008
   7.009  7.010  7.011  7.013  7.014  7.015  7.016  7.018  7.019  7.021
   7.022  7.024  7.026  7.028  7.030  7.031  7.034  7.036  7.038  7.040
   7.043  7.045  7.048  7.051  7.053  7.056  7.059  7.063  7.066  7.066
   7.066  7.066  7.066  7.066  7.066  7.066  7.066  7.066  7.066  7.066
   7.066  7.066  7.066  7.066  7.139  7.145  7.152  7.158  7.165  7.172
   7.179  7.186  7.193  7.282  7.298  7.314  7.330  7.347  7.363  7.367
   7.382  7.398  7.413  7.429  7.423  7.435  7.448  7.461  7.462  7.472
   7.483  7.495  7.506  7.518  7.505  7.513  7.522  7.531  7.540  7.524
   7.529  7.534  7.539  7.536  7.540  7.544  7.548  7.552  7.556  7.533
   7.533  7.533  7.532  7.532  7.512  7.508  7.503  7.498  7.493  7.488
   7.482  7.476  7.469  7.463  7.455  7.447  7.439  7.430  7.420  7.410
   7.399  7.387  7.375  7.361  7.346  7.330  7.312  7.293  7.272  7.249
   7.223  7.194  7.162  7.125  7.084  7.035  6.977  6.908  6.820  6.705
   6.538  6.245-99.999-99.999-99.999-99.999-99.999-99.999-99.999-99.999
   8.096  8.096  8.096  8.096  8.096  8.096  8.096  8.096  8.096  8.096
   8.096  8.096  8.096  8.096  8.096  8.096  8.096  8.096  8.096  8.096
   8.096  8.096  8.096  8.096  8.096  8.096  8.096  8.096  8.096  8.096
   8.096  8.096  8.096  8.096  8.095  8.095  8.095  8.095  8.095  8.095
   8.095  8.095  8.095  8.095  8.095  8.095  8.095  8.095  8.095  8.095
   8.095  8.095  8.095  8.095  8.094  8.094  8.094  8.094  8.094  8.094
   8.094  8.094  8.094  8.094  8.093  8.093  8.093  8.093  8.093  8.093
   8.093  8.092  8.092  8.092  8.092  8.092  8.091  8.091  8.091  8.091
   8.091  8.090  8.090  8.090  8.089  8.089  8.089  8.088  8.088  8.088
   8.088  8.088  8.088  8.088  8.088  8.088  8.088  8.088  8.088  8.088
   8.088  8.088  8.088  8.088  8.079  8.078  8.077  8.076  8.075  8.074
   8.073  8.072  8.071  8.056  8.053  8.050  8.046  8.043  8.039  8.023
   8.017  8.010  8.003  7.995  8.002  7.997  7.991  7.985  7.980  7.973
   7.966  7.959  7.951  7.943  7.947  7.939  7.932  7.924  7.915  7.901
   7.890  7.878  7.865  7.892  7.888  7.884  7.879  7.874  7.869  7.873
   7.869  7.864  7.860  7.855  7.844  7.837  7.830  7.823  7.814  7.806
   7.797  7.787  7.776  7.765  7.752  7.739  7.725  7.709  7.692  7.674
   7.654  7.632  7.607  7.580  7.549  7.515  7.476  7.431  7.378  7.314
   7.236  7.136  6.998  6.783  6.299-99.999-99.999-99.999-99.999-99.999
 -99.999-99.999-99.999-99.999-99.999-99.999-99.999-99.999-99.999-99.999
   7.381  7.381  7.381  7.381  7.381  7.381  7.381  7.381  7.381  7.381
   7.381  7.381  7.381  7.382  7.382  7.382  7.382  7.382  7.382  7.382
   7.382  7.382  7.382  7.382  7.383  7.383  7.383  7.383  7.383  7.383
   7.383  7.384  7.384  7.384  7.384  7.384  7.384  7.385  7.385  7.385
   7.385  7.386  7.386  7.386  7.386  7.387  7.387  7.387  7.388  7.388
   7.388  7.389  7.389  7.389  7.390  7.390  7.391  7.391  7.392  7.392
   7.393  7.394  7.394  7.395  7.396  7.396  7.397  7.398  7.399  7.400
   7.400  7.401  7.402  7.403  7.404  7.406  7.407  7.408  7.409  7.411
   7.412  7.413  7.415  7.416  7.418  7.420  7.422  7.424  7.425  7.426
   7.426  7.426  7.426  7.426  7.426  7.426  7.426  7.426  7.426  7.426
   7.426  7.426  7.426  7.426  7.470  7.474  7.478  7.482  7.486  7.491
   7.495  7.500  7.505  7.463  7.462  7.462  7.461  7.461  7.460  7.473
   7.474  7.476  7.478  7.479  7.455  7.451  7.448  7.444  7.468  7.471
   7.473  7.476  7.479  7.482  7.490  7.494  7.498  7.502  7.507  7.485
   7.485  7.484  7.484  7.507  7.511  7.516  7.521  7.527  7.532  7.534
   7.540  7.545  7.551  7.556  7.564  7.570  7.577  7.584  7.591  7.598
   7.605  7.613  7.621  7.629  7.638  7.646  7.655  7.664  7.673  7.683
   7.693  7.703  7.713  7.723  7.734  7.745  7.756  7.767  7.779  7.791
   7.803  7.815  7.827  7.840  7.853  7.866  7.879  7.893  7.907  7.920
   7.935  7.949  7.963  7.978  7.993  8.008  8.023  8.038  8.054  8.069
   8.012  8.012  8.012  8.012  8.012  8.012  8.012  8.012  8.012  8.012
   8.012  8.012  8.012  8.012  8.012  8.012  8.012  8.012  8.013  8.013
   8.013  8.013  8.013  8.013  8.013  8.013  8.013  8.013  8.013  8.013
   8.013  8.013  8.013  8.013  8.014  8.014  8.014  8.014  8.014  8.014
   8.014  8.014  8.014  8.015  8.015  8.015  8.015  8.015  8.015  8.016
   8.016  8.016  8.016  8.016  8.017  8.017  8.017  8.017  8.018  8.018
   8.018  8.019  8.019  8.019  8.020  8.020  8.020  8.021  8.021  8.022
   8.022  8.023  8.023  8.024  8.024  8.025  8.026  8.026  8.027  8.028
   8.028  8.029  8.030  8.031  8.032  8.033  8.034  8.035  8.036  8.036
   8.036  8.036  8.036  8.036  8.036  8.036  8.036  8.036  8.036  8.036
   8.036  8.036  8.036  8.036  8.060  8.062  8.065  8.067  8.070  8.072
   8.075  8.078  8.080  8.028  8.024  8.020  8.015  8.011  8.006  8.008
   8.004  8.000  7.995  7.990  7.982  7.976  7.969  7.962  7.957  7.949
   7.941  7.933  7.924  7.914  7.949  7.947  7.945  7.942  7.939  7.921
   7.914  7.907  7.900  7.863  7.847  7.829  7.810  7.789  7.766  7.644
   7.587  7.519  7.433  7.320  7.520  7.479  7.432  7.377  7.310  7.228
   7.120  6.968  6.718  5.982-99.999-99.999-99.999-99.999-99.999-99.999
 -99.999-99.999-99.999-99.999-99.999-99.999-99.999-99.999-99.999-99.999
 -99.999-99.999-99.999-99.999-99.999-99.999-99.999-99.999-99.999-99.999
 -99.999-99.999-99.999-99.999-99.999-99.999-99.999-99.999-99.999-99.999
   6.817  6.819  6.820  6.822  6.824  6.827  6.829  6.831  6.833  6.836
   6.838  6.841  6.844  6.847  6.850  6.853  6.856  6.860  6.863  6.867
   6.871  6.875  6.879  6.883  6.888  6.892  6.897  6.902  6.907  6.912
   6.918  6.923  6.929  6.935  6.941  6.948  6.954  6.961  6.968  6.975
   6.983  6.990  6.998  7.006  7.015  7.023  7.032  7.041  7.050  7.060
   7.069  7.079  7.089  7.100  7.110  7.121  7.132  7.143  7.155  7.167
   7.179  7.191  7.203  7.216  7.229  7.242  7.255  7.268  7.282  7.296
   7.310  7.324  7.339  7.353  7.368  7.383  7.398  7.413  7.429  7.444
   7.460  7.476  7.492  7.508  7.525  7.541  7.558  7.575  7.592  7.594
   7.594  7.594  7.594  7.594  7.594  7.594  7.594  7.594  7.594  7.594
   7.594  7.594  7.594  7.594  7.875  7.894  7.912  7.931  7.950  7.968
   7.987  8.006  8.025  7.940  7.949  7.959  7.969  7.979  7.989  7.964
   7.969  7.975  7.981  7.987  7.980  7.984  7.988  7.992  8.001  8.007
   8.013  8.019  8.025  8.031  8.007  8.009  8.011  8.013  8.015  8.022
   8.025  8.029  8.032  8.032  8.035  8.038  8.041  8.044  8.048  8.045
   8.048  8.051  8.054  8.057  8.049  8.050  8.051  8.052  8.053  8.055
   8.056  8.057  8.059  8.060  8.062  8.064  8.065  8.067  8.069  8.071
   8.073  8.075  8.077  8.080  8.082  8.084  8.087  8.090  8.093  8.095
   8.098  8.102  8.105  8.108  8.112  8.116  8.119  8.123  8.127  8.132
   8.136  8.141  8.145  8.150  8.155  8.161  8.166  8.172  8.178  8.184
   8.716  8.716  8.716  8.715  8.715  8.715  8.715  8.715  8.715  8.715
   8.715  8.715  8.714  8.714  8.714  8.714  8.714  8.714  8.713  8.713
   8.713  8.713  8.713  8.712  8.712  8.712  8.712  8.711  8.711  8.711
   8.710  8.710  8.710  8.709  8.709  8.709  8.708  8.708  8.707  8.707
   8.706  8.706  8.705  8.705  8.704  8.703  8.703  8.702  8.701  8.700
   8.700  8.699  8.698  8.697  8.696  8.695  8.694  8.693  8.691  8.690
   8.689  8.687  8.686  8.684  8.683  8.681  8.679  8.677  8.675  8.673
   8.671  8.669  8.666  8.664  8.661  8.658  8.655  8.652  8.649  8.645
   8.641  8.638  8.633  8.629  8.624  8.619  8.614  8.609  8.603  8.602
   8.602  8.602  8.602  8.602  8.602  8.602  8.602  8.602  8.602  8.602
   8.602  8.602  8.602  8.602  8.429  8.410  8.388  8.364  8.338  8.308
   8.275  8.237  8.193  8.380  8.371  8.361  8.351  8.340  8.328  8.351
   8.345  8.338  8.330  8.322  8.336  8.332  8.327  8.323  8.318  8.313
   8.308  8.302  8.296  8.290  8.301  8.297  8.292  8.288  8.283  8.283
   8.279  8.275  8.270  8.281  8.280  8.278  8.277  8.275  8.273  8.256
   8.252  8.247  8.242  8.236  8.245  8.242  8.238  8.235  8.231  8.228
   8.224  8.219  8.215  8.210  8.205  8.200  8.194  8.188  8.182  8.175
   8.168  8.160  8.152  8.143  8.134  8.124  8.113  8.101  8.089  8.076
   8.061  8.046  8.028  8.010  7.989  7.967  7.942  7.915  7.884  7.849
   7.809  7.763  7.709  7.644  7.564  7.461  7.317  7.086  6.513-99.999
   7.768  7.768  7.768  7.768  7.768  7.768  7.769  7.769  7.769  7.769
   7.769  7.769  7.770  7.770  7.770  7.770  7.770  7.771  7.771  7.771
   7.772  7.772  7.772  7.772  7.773  7.773  7.774  7.774  7.774  7.775
   7.775  7.776  7.776  7.777  7.777  7.778  7.778  7.779  7.780  7.780
   7.781  7.782  7.782  7.783  7.784  7.785  7.786  7.787  7.788  7.789
   7.790  7.791  7.792  7.793  7.795  7.796  7.797  7.799  7.800  7.802
   7.804  7.805  7.807  7.809  7.811  7.813  7.815  7.817  7.820  7.822
   7.825  7.827  7.830  7.833  7.836  7.839  7.842  7.845  7.849  7.852
   7.856  7.860  7.864  7.868  7.872  7.877  7.881  7.886  7.891  7.892
   7.892  7.892  7.892  7.892  7.892  7.892  7.892  7.892  7.892  7.892
   7.892  7.892  7.892  7.892  7.996  8.005  8.013  8.022  8.031  8.040
   8.050  8.060  8.070  7.989  7.988  7.988  7.988  7.988  7.988  7.954
   7.947  7.941  7.934  7.926  7.956  7.956  7.955  7.955  7.831  7.796
   7.755  7.709  7.654  7.588  7.897  7.903  7.909  7.916  7.922  7.932
   7.939  7.947  7.955  7.911  7.908  7.904  7.900  7.896  7.892  7.919
   7.920  7.921  7.922  7.923  7.951  7.957  7.964  7.970  7.977  7.984
   7.992  7.999  8.007  8.015  8.023  8.032  8.041  8.050  8.059  8.068
   8.078  8.088  8.098  8.108  8.119  8.129  8.140  8.151  8.163  8.175
   8.187  8.199  8.211  8.224  8.236  8.249  8.262  8.276  8.289  8.303
   8.317  8.331  8.346  8.360  8.375  8.390  8.405  8.420  8.436  8.451
   6.136  6.136  6.136  6.136  6.136  6.136  6.136  6.136  6.136  6.136
   6.136  6.136  6.135  6.135  6.135  6.135  6.135  6.135  6.135  6.135
   6.135  6.135  6.135  6.134  6.134  6.134  6.134  6.134  6.134  6.134
   6.133  6.133  6.133  6.133  6.133  6.132  6.132  6.132  6.132  6.132
   6.131  6.131  6.131  6.130  6.130  6.130  6.129  6.129  6.129  6.128
   6.128  6.127  6.127  6.126  6.126  6.125  6.125  6.124  6.124  6.123
   6.122  6.122  6.121  6.120  6.119  6.118  6.118  6.117  6.116  6.115
   6.114  6.112  6.111  6.110  6.109  6.107  6.106  6.104  6.103  6.101
   6.099  6.097  6.095  6.093  6.091  6.089  6.086  6.084  6.081  6.081
   6.081  6.081  6.081  6.081  6.081  6.081  6.081  6.081  6.081  6.081
   6.081  6.081  6.081  6.081  6.011  6.004  5.996  5.989  5.980  5.971
   5.961  5.951  5.940  5.977  5.972  5.966  5.960  5.953  5.947  5.958
   5.954  5.949  5.944  5.939  5.951  5.950  5.948  5.945  5.921  5.914
   5.905  5.897  5.887  5.877  5.936  5.937  5.939  5.940  5.942  5.917
   5.913  5.909  5.905  5.940  5.945  5.949  5.954  5.959  5.965  5.949
   5.951  5.953  5.955  5.958  5.971  5.976  5.981  5.986  5.992  5.997
   6.003  6.009  6.015  6.021  6.028  6.034  6.041  6.048  6.056  6.063
   6.071  6.079  6.087  6.095  6.104  6.113  6.122  6.131  6.141  6.151
   6.161  6.171  6.181  6.192  6.203  6.214  6.226  6.237  6.249  6.261
   6.273  6.286  6.298  6.311  6.324  6.338  6.351  6.365  6.379  6.393
   3.729  3.730  3.730  3.730  3.730  3.731  3.731  3.731  3.732  3.732
   3.732  3.733  3.733  3.734  3.734  3.734  3.735  3.735  3.736  3.737
   3.737  3.738  3.738  3.739  3.740  3.740  3.741  3.742  3.743  3.744
   3.745  3.746  3.747  3.748  3.749  3.750  3.751  3.752  3.753  3.755
   3.756  3.758  3.759  3.761  3.762  3.764  3.766  3.768  3.770  3.772
   3.774  3.776  3.779  3.781  3.783  3.786  3.789  3.792  3.795  3.798
   3.801  3.804  3.807  3.811  3.815  3.819  3.823  3.827  3.831  3.835
   3.840  3.845  3.850  3.855  3.860  3.866  3.871  3.877  3.883  3.889
   3.896  3.903  3.909  3.916  3.924  3.931  3.939  3.947  3.955  3.956
   3.956  3.956  3.956  3.956  3.956  3.956  3.956  3.956  3.956  3.956
   3.956  3.956  3.956  3.956  4.116  4.128  4.140  4.153  4.165  4.178
   4.191  4.205  4.218  4.206  4.217  4.229  4.240  4.252  4.265  4.265
   4.276  4.287  4.299  4.311  4.315  4.326  4.337  4.349  4.355  4.366
   4.377  4.388  4.400  4.411  4.415  4.426  4.437  4.449  4.461  4.465
   4.476  4.487  4.498  4.505  4.516  4.527  4.538  4.550  4.561  4.565
   4.576  4.587  4.599  4.610  4.615  4.626  4.637  4.648  4.660  4.672
   4.684  4.696  4.708  4.721  4.734  4.747  4.760  4.774  4.787  4.801
   4.815  4.829  4.844  4.858  4.873  4.888  4.903  4.919  4.934  4.950
   4.966  4.982  4.998  5.014  5.030  5.047  5.063  5.080  5.097  5.114
   5.131  5.148  5.166  5.183  5.201  5.218  5.236  5.254  5.272  5.290
   5.029  5.029  5.029  5.029  5.029  5.029  5.029  5.029  5.029  5.029
   5.029  5.029  5.029  5.029  5.029  5.029  5.029  5.029  5.029  5.029
   5.029  5.029  5.029  5.029  5.029  5.029  5.029  5.029  5.029  5.029
   5.029  5.029  5.029  5.029  5.029  5.029  5.029  5.029  5.029  5.029
   5.029  5.029  5.029  5.029  5.029  5.029  5.029  5.029  5.029  5.029
   5.029  5.029  5.029  5.029  5.029  5.029  5.029  5.029  5.029  5.029
   5.029  5.029  5.029  5.029  5.029  5.029  5.029  5.029  5.029  5.029
   5.029  5.029  5.029  5.029  5.029  5.029  5.029  5.029  5.029  5.029
   5.029  5.029  5.028  5.028  5.028  5.028  5.028  5.028  5.028  5.028
   5.028  5.028  5.028  5.028  5.028  5.028  5.028  5.028  5.028  5.028
   5.028  5.028  5.028  5.028  5.027  5.027  5.027  5.027  5.027  5.027
   5.027  5.027  5.027  5.029  5.030  5.030  5.030  5.030  5.031  5.028
   5.028  5.028  5.028  5.028  5.033  5.034  5.035  5.035  5.032  5.032
   5.032  5.032  5.032  5.032  5.053  5.057  5.061  5.065  5.069  5.066
   5.069  5.072  5.076  5.081  5.085  5.089  5.094  5.098  5.103  5.117
   5.124  5.130  5.137  5.144  5.153  5.161  5.169  5.178  5.186  5.195
   5.204  5.213  5.223  5.232  5.242  5.252  5.263  5.273  5.284  5.295
   5.306  5.318  5.329  5.341  5.354  5.366  5.379  5.391  5.404  5.418
   5.431  5.445  5.459  5.473  5.487  5.501  5.516  5.531  5.545  5.561
   5.576  5.591  5.607  5.623  5.639  5.655  5.671  5.687  5.704  5.720
   3.895  3.895  3.896  3.896  3.896  3.896  3.897  3.897  3.897  3.898
   3.898  3.898  3.899  3.899  3.900  3.900  3.901  3.901  3.902  3.902
   3.903  3.903  3.904  3.905  3.905  3.906  3.907  3.908  3.909  3.909
   3.910  3.911  3.912  3.913  3.914  3.916  3.917  3.918  3.919  3.921
   3.922  3.923  3.925  3.927  3.928  3.930  3.932  3.934  3.936  3.938
   3.940  3.942  3.944  3.947  3.949  3.952  3.955  3.957  3.960  3.963
   3.967  3.970  3.973  3.977  3.981  3.984  3.988  3.992  3.997  4.001
   4.006  4.011  4.016  4.021  4.026  4.031  4.037  4.043  4.049  4.055
   4.062  4.068  4.075  4.082  4.089  4.097  4.105  4.113  4.121  4.122
   4.122  4.122  4.122  4.122  4.122  4.122  4.122  4.122  4.122  4.122
   4.122  4.122  4.122  4.122  4.282  4.294  4.306  4.319  4.331  4.344
   4.357  4.370  4.384  4.372  4.383  4.394  4.406  4.418  4.430  4.467
   4.483  4.499  4.515  4.531  4.548  4.565  4.582  4.599  4.583  4.594
   4.605  4.616  4.628  4.639  4.703  4.722  4.741  4.760  4.779  4.776
   4.792  4.808  4.824  4.868  4.889  4.910  4.931  4.952  4.974  4.963
   4.981  4.998  5.015  5.033  5.053  5.071  5.089  5.108  5.126  5.144
   5.163  5.181  5.200  5.219  5.237  5.256  5.275  5.294  5.313  5.332
   5.351  5.370  5.389  5.408  5.427  5.446  5.466  5.485  5.504  5.523
   5.543  5.562  5.582  5.601  5.621  5.640  5.660  5.679  5.699  5.718
   5.738  5.757  5.777  5.797  5.816  5.836  5.856  5.875  5.895  5.915
   3.449  3.450  3.450  3.451  3.451  3.452  3.453  3.454  3.454  3.455
   3.456  3.457  3.458  3.459  3.460  3.461  3.462  3.463  3.464  3.465
   3.466  3.468  3.469  3.471  3.472  3.474  3.475  3.477  3.479  3.481
   3.483  3.485  3.487  3.489  3.491  3.494  3.496  3.499  3.501  3.504
   3.507  3.510  3.513  3.517  3.520  3.524  3.527  3.531  3.535  3.539
   3.543  3.548  3.552  3.557  3.562  3.567  3.572  3.578  3.583  3.589
   3.595  3.602  3.608  3.615  3.621  3.628  3.636  3.643  3.651  3.659
   3.667  3.675  3.683  3.692  3.701  3.710  3.720  3.730  3.740  3.750
   3.760  3.771  3.781  3.793  3.804  3.815  3.827  3.839  3.851  3.853
   3.853  3.853  3.853  3.853  3.853  3.853  3.853  3.853  3.853  3.853
   3.853  3.853  3.853  3.853  4.074  4.089  4.105  4.121  4.137  4.153
   4.169  4.185  4.202  4.217  4.234  4.251  4.267  4.284  4.302  4.409
   4.436  4.463  4.490  4.516  4.591  4.622  4.653  4.683  4.753  4.788
   4.821  4.854  4.885  4.916  4.988  5.021  5.054  5.085  5.116  5.146
   5.175  5.204  5.232  5.230  5.252  5.274  5.296  5.318  5.340  5.319
   5.336  5.352  5.369  5.386  5.366  5.377  5.388  5.399  5.411  5.422
   5.434  5.447  5.459  5.472  5.485  5.498  5.511  5.524  5.538  5.552
   5.566  5.580  5.595  5.609  5.624  5.639  5.654  5.669  5.685  5.701
   5.716  5.732  5.748  5.765  5.781  5.798  5.814  5.831  5.848  5.865
   5.882  5.899  5.917  5.934  5.951  5.969  5.987  6.005  6.023  6.041
   3.581  3.581  3.581  3.581  3.581  3.581  3.581  3.581  3.581  3.581
   3.581  3.581  3.581  3.581  3.581  3.582  3.582  3.582  3.582  3.582
   3.582  3.582  3.582  3.582  3.582  3.582  3.582  3.582  3.582  3.582
   3.582  3.583  3.583  3.583  3.583  3.583  3.583  3.583  3.583  3.583
   3.584  3.584  3.584  3.584  3.584  3.584  3.585  3.585  3.585  3.585
   3.585  3.586  3.586  3.586  3.586  3.587  3.587  3.587  3.588  3.588
   3.588  3.589  3.589  3.589  3.590  3.590  3.591  3.591  3.592  3.592
   3.593  3.593  3.594  3.594  3.595  3.596  3.596  3.597  3.598  3.599
   3.599  3.600  3.601  3.602  3.603  3.604  3.605  3.606  3.608  3.608
   3.608  3.608  3.608  3.608  3.608  3.608  3.608  3.608  3.608  3.608
   3.608  3.608  3.608  3.608  3.635  3.638  3.640  3.643  3.645  3.648
   3.651  3.654  3.657  3.531  3.516  3.500  3.482  3.462  3.441  3.616
   3.627  3.638  3.649  3.661  3.666  3.677  3.688  3.699  3.706  3.716
   3.727  3.739  3.750  3.762  3.414  3.340  3.246  3.119  2.927  3.515
   3.525  3.537  3.548  3.555  3.565  3.576  3.588  3.599  3.611  3.615
   3.626  3.637  3.648  3.660  3.665  3.675  3.687  3.698  3.709  3.721
   3.733  3.745  3.758  3.770  3.783  3.796  3.810  3.823  3.837  3.851
   3.865  3.879  3.893  3.908  3.923  3.938  3.953  3.968  3.984  3.999
   4.015  4.031  4.047  4.063  4.080  4.096  4.113  4.130  4.146  4.163
   4.181  4.198  4.215  4.233  4.250  4.268  4.286  4.303  4.321  4.339
   5.353  5.353  5.353  5.353  5.353  5.353  5.353  5.352  5.352  5.352
   5.352  5.352  5.352  5.352  5.352  5.352  5.351  5.351  5.351  5.351
   5.351  5.351  5.351  5.350  5.350  5.350  5.350  5.350  5.349  5.349
   5.349  5.349  5.348  5.348  5.348  5.347  5.347  5.347  5.346  5.346
   5.346  5.345  5.345  5.344  5.344  5.343  5.343  5.342  5.342  5.341
   5.341  5.340  5.339  5.339  5.338  5.337  5.336  5.335  5.334  5.333
   5.332  5.331  5.330  5.329  5.328  5.327  5.325  5.324  5.322  5.321
   5.319  5.317  5.315  5.314  5.312  5.309  5.307  5.305  5.302  5.300
   5.297  5.294  5.291  5.288  5.284  5.281  5.277  5.273  5.269  5.268
   5.268  5.268  5.268  5.268  5.268  5.268  5.268  5.268  5.268  5.268
   5.268  5.268  5.268  5.268  5.151  5.139  5.126  5.111  5.096  5.079
   5.060  5.040  5.018  5.086  5.075  5.063  5.051  5.038  5.023  5.058
   5.051  5.044  5.036  5.028  5.008  4.996  4.983  4.969  5.005  5.002
   4.998  4.995  4.991  4.987  4.971  4.965  4.958  4.951  4.943  4.929
   4.919  4.908  4.896  4.875  4.858  4.841  4.822  4.800  4.777  4.886
   4.886  4.886  4.886  4.885  4.855  4.849  4.841  4.834  4.826  4.817
   4.808  4.798  4.787  4.776  4.763  4.750  4.736  4.720  4.703  4.685
   4.665  4.643  4.618  4.591  4.561  4.526  4.487  4.442  4.389  4.326
   4.248  4.147  4.010  3.794  3.310  3.310  3.310  3.310  3.310  3.310
   3.310  3.310  3.310  3.310  3.310  3.310  3.310  3.310  3.310  3.310
   2.595  2.597  2.600  2.602  2.605  2.608  2.611  2.614  2.617  2.620
   2.624  2.627  2.631  2.635  2.639  2.643  2.647  2.652  2.656  2.661
   2.666  2.671  2.676  2.682  2.687  2.693  2.699  2.705  2.712  2.719
   2.725  2.732  2.740  2.747  2.755  2.763  2.771  2.779  2.788  2.797
   2.806  2.815  2.824  2.834  2.844  2.854  2.865  2.875  2.886  2.897
   2.909  2.920  2.932  2.944  2.956  2.969  2.981  2.994  3.007  3.020
   3.034  3.048  3.061  3.076  3.090  3.104  3.119  3.134  3.149  3.164
   3.179  3.195  3.210  3.226  3.242  3.258  3.274  3.291  3.307  3.324
   3.341  3.358  3.375  3.392  3.409  3.426  3.444  3.461  3.479  3.482
   3.482  3.482  3.482  3.482  3.482  3.482  3.482  3.482  3.482  3.482
   3.482  3.482  3.482  3.482  3.772  3.791  3.810  3.829  3.848  3.867
   3.886  3.905  3.924  3.856  3.868  3.879  3.891  3.903  3.915  4.023
   4.047  4.071  4.095  4.118  4.063  4.074  4.085  4.096  4.198  4.226
   4.254  4.281  4.307  4.334  4.315  4.336  4.357  4.377  4.398  4.359
   4.370  4.381  4.392  4.469  4.492  4.516  4.540  4.563  4.586  4.573
   4.591  4.610  4.628  4.647  4.671  4.690  4.710  4.729  4.749  4.768
   4.788  4.808  4.827  4.847  4.867  4.886  4.906  4.926  4.946  4.965
   4.985  5.005  5.025  5.044  5.064  5.084  5.104  5.124  5.144  5.163
   5.183  5.203  5.223  5.243  5.263  5.283  5.302  5.322  5.342  5.362
   5.382  5.402  5.422  5.442  5.462  5.482  5.502  5.522  5.541  5.561
   3.064  3.068  3.073  3.078  3.083  3.089  3.094  3.100  3.106  3.112
   3.118  3.124  3.131  3.138  3.145  3.152  3.160  3.168  3.175  3.184
   3.192  3.201  3.209  3.218  3.228  3.237  3.247  3.257  3.267  3.278
   3.288  3.299  3.310  3.322  3.333  3.345  3.357  3.369  3.382  3.394
   3.407  3.420  3.434  3.447  3.461  3.475  3.489  3.503  3.518  3.532
   3.547  3.562  3.577  3.593  3.608  3.624  3.640  3.656  3.672  3.688
   3.704  3.721  3.738  3.754  3.771  3.788  3.806  3.823  3.840  3.858
   3.875  3.893  3.911  3.928  3.946  3.964  3.982  4.001  4.019  4.037
   4.056  4.074  4.093  4.111  4.130  4.149  4.167  4.186  4.205  4.208
   4.208  4.208  4.208  4.208  4.208  4.208  4.208  4.208  4.208  4.208
   4.208  4.208  4.208  4.208  4.512  4.532  4.551  4.571  4.590  4.610
   4.629  4.649  4.668  4.694  4.714  4.734  4.754  4.774  4.794  4.811
   4.830  4.850  4.870  4.890  4.916  4.937  4.957  4.978  4.991  5.010
   5.029  5.048  5.067  5.087  5.113  5.133  5.153  5.173  5.193  5.211
   5.230  5.250  5.270  5.294  5.315  5.335  5.356  5.376  5.397  5.411
   5.430  5.450  5.470  5.490  5.509  5.528  5.548  5.568  5.587  5.607
   5.627  5.647  5.666  5.686  5.706  5.726  5.745  5.765  5.785  5.805
   5.825  5.844  5.864  5.884  5.904  5.924  5.944  5.964  5.984  6.003
   6.023  6.043  6.063  6.083  6.103  6.123  6.143  6.163  6.183  6.202
   6.222  6.242  6.262  6.282  6.302  6.322  6.342  6.362  6.382  6.402
   2.995  2.996  2.997  2.998  2.999  3.001  3.002  3.003  3.005  3.006
   3.008  3.010  3.011  3.013  3.015  3.017  3.019  3.021  3.024  3.026
   3.029  3.031  3.034  3.037  3.039  3.042  3.046  3.049  3.052  3.056
   3.059  3.063  3.067  3.071  3.075  3.080  3.084  3.089  3.094  3.099
   3.104  3.109  3.115  3.121  3.127  3.133  3.139  3.146  3.152  3.159
   3.166  3.174  3.181  3.189  3.197  3.205  3.214  3.223  3.232  3.241
   3.250  3.260  3.270  3.280  3.290  3.300  3.311  3.322  3.333  3.345
   3.356  3.368  3.380  3.393  3.405  3.418  3.431  3.444  3.458  3.471
   3.485  3.499  3.513  3.528  3.542  3.557  3.572  3.587  3.602  3.605
   3.605  3.605  3.605  3.605  3.605  3.605  3.605  3.605  3.605  3.605
   3.605  3.605  3.605  3.605  3.866  3.883  3.901  3.918  3.936  3.954
   3.972  3.990  4.008  4.038  4.057  4.077  4.096  4.115  4.134  4.164
   4.184  4.205  4.225  4.246  4.274  4.296  4.318  4.339  4.367  4.389
   4.412  4.434  4.456  4.478  4.511  4.534  4.557  4.580  4.603  4.637
   4.661  4.685  4.708  4.773  4.803  4.832  4.861  4.889  4.917  4.966
   4.994  5.023  5.051  5.078  5.140  5.171  5.202  5.231  5.260  5.289
   5.317  5.344  5.371  5.398  5.424  5.450  5.475  5.500  5.525  5.550
   5.574  5.598  5.622  5.646  5.669  5.692  5.716  5.739  5.761  5.784
   5.807  5.829  5.851  5.873  5.896  5.917  5.939  5.961  5.983  6.004
   6.026  6.047  6.069  6.090  6.111  6.133  6.154  6.175  6.196  6.217
   5.189  5.189  5.189  5.189  5.189  5.189  5.189  5.189  5.189  5.189
   5.189  5.189  5.189  5.189  5.189  5.189  5.189  5.189  5.189  5.189
   5.189  5.189  5.189  5.189  5.189  5.189  5.189  5.189  5.189  5.189
   5.189  5.189  5.189  5.189  5.189  5.189  5.189  5.189  5.189  5.189
   5.189  5.189  5.189  5.189  5.189  5.189  5.189  5.189  5.189  5.189
   5.189  5.189  5.189  5.189  5.189  5.189  5.189  5.189  5.189  5.189
   5.189  5.189  5.189  5.189  5.189  5.189  5.189  5.189  5.189  5.189
   5.189  5.189  5.189  5.189  5.189  5.189  5.189  5.189  5.189  5.189
   5.189  5.189  5.189  5.624  5.845  5.997  6.114  6.210  6.291  6.303
   6.303  6.303  6.303  6.303  6.303  6.303  6.303  6.303  6.303  6.303
   6.303  6.303  6.303  6.303  7.004  7.034  7.064  7.093  7.122  7.150
   7.177  7.205  7.231  7.151  7.169  7.187  7.205  7.223  7.242  7.178
   7.185  7.193  7.200  7.208  7.171  7.171  7.171  7.170  7.150  7.145
   7.140  7.134  7.128  7.122  7.112  7.104  7.095  7.086  7.076  7.075
   7.066  7.056  7.046  7.038  7.027  7.015  7.002  6.988  6.973  6.997
   6.987  6.977  6.967  6.955  6.994  6.992  6.990  6.989  6.987  6.984
   6.982  6.980  6.977  6.975  6.972  6.969  6.966  6.963  6.959  6.956
   6.952  6.948  6.943  6.939  6.934  6.929  6.924  6.918  6.912  6.906
   6.899  6.891  6.884  6.876  6.867  6.857  6.847  6.836  6.825  6.812
   6.799  6.784  6.768  6.751  6.732  6.712  6.689  6.664  6.636  6.605
   4.947  4.947  4.947  4.947  4.947  4.947  4.947  4.947  4.947  4.947
   4.947  4.947  4.947  4.947  4.947  4.947  4.947  4.947  4.947  4.947
   4.947  4.947  4.947  4.947  4.947  4.947  4.947  4.947  4.947  4.947
   4.947  4.947  4.947  4.947  4.947  4.947  4.947  4.947  4.947  4.947
   4.947  4.947  4.947  4.947  4.947  4.947  4.947  4.947  4.947  4.947
   4.947  4.947  4.947  4.947  4.947  4.947  4.947  4.947  4.947  4.947
   4.947  4.947  4.947  4.947  4.947  4.947  4.947  4.947  4.947  4.947
   4.947  4.947  4.947  4.947  4.947  4.946  4.946  4.946  4.946  4.946
   4.946  4.946  4.946  4.946  4.946  4.946  4.946  4.946  4.946  4.946
   4.946  4.946  4.946  4.946  4.946  4.946  4.946  4.946  4.946  4.946
   4.946  4.946  4.946  4.946  4.944  4.944  4.944  4.944  4.943  4.943
   4.943  4.943  4.943  4.967  4.970  4.973  4.976  4.979  4.982  5.094
   5.113  5.132  5.151  5.170  5.307  5.341  5.374  5.407  5.505  5.545
   5.583  5.619  5.655  5.689  5.759  5.794  5.828  5.861  5.893  5.910
   5.938  5.966  5.994  5.970  5.988  6.005  6.023  6.041  6.059  6.047
   6.061  6.076  6.090  6.105  6.058  6.062  6.066  6.071  6.075  6.080
   6.085  6.089  6.095  6.100  6.106  6.111  6.117  6.123  6.130  6.136
   6.143  6.150  6.157  6.164  6.172  6.179  6.187  6.196  6.204  6.213
   6.221  6.231  6.240  6.249  6.259  6.269  6.279  6.290  6.301  6.312
   6.323  6.334  6.346  6.358  6.370  6.382  6.394  6.407  6.420  6.433
   6.004  6.005  6.005  6.005  6.005  6.006  6.006  6.006  6.007  6.007
   6.007  6.008  6.008  6.009  6.009  6.009  6.010  6.010  6.011  6.012
   6.012  6.013  6.013  6.014  6.015  6.015  6.016  6.017  6.018  6.019
   6.020  6.021  6.022  6.023  6.024  6.025  6.026  6.027  6.028  6.030
   6.031  6.033  6.034  6.036  6.037  6.039  6.041  6.043  6.045  6.047
   6.049  6.051  6.054  6.056  6.058  6.061  6.064  6.067  6.070  6.073
   6.076  6.079  6.082  6.086  6.090  6.094  6.098  6.102  6.106  6.110
   6.115  6.120  6.125  6.130  6.135  6.141  6.146  6.152  6.158  6.164
   6.171  6.178  6.184  6.191  6.199  6.206  6.214  6.222  6.230  6.231
   6.231  6.231  6.231  6.231  6.231  6.231  6.231  6.231  6.231  6.231
   6.231  6.231  6.231  6.231  6.391  6.403  6.415  6.428  6.440  6.453
   6.466  6.480  6.493  6.481  6.492  6.504  6.515  6.527  6.540  6.540
   6.551  6.562  6.574  6.586  6.559  6.564  6.570  6.575  6.569  6.572
   6.576  6.579  6.583  6.587  6.566  6.566  6.566  6.567  6.567  6.583
   6.586  6.589  6.593  6.629  6.640  6.651  6.662  6.673  6.685  6.689
   6.700  6.711  6.722  6.734  6.739  6.750  6.761  6.772  6.784  6.795
   6.807  6.820  6.832  6.845  6.857  6.871  6.884  6.897  6.911  6.925
   6.939  6.953  6.968  6.982  6.997  7.012  7.027  7.042  7.058  7.074
   7.089  7.105  7.121  7.138  7.154  7.170  7.187  7.204  7.221  7.238
   7.255  7.272  7.289  7.307  7.324  7.342  7.360  7.378  7.396  7.414
   5.404  5.404  5.404  5.404  5.404  5.404  5.404  5.404  5.404  5.404
   5.403  5.403  5.403  5.403  5.403  5.403  5.403  5.403  5.403  5.403
   5.403  5.402  5.402  5.402  5.402  5.402  5.402  5.402  5.401  5.401
   5.401  5.401  5.401  5.401  5.400  5.400  5.400  5.400  5.399  5.399
   5.399  5.399  5.398  5.398  5.398  5.397  5.397  5.396  5.396  5.396
   5.395  5.395  5.394  5.394  5.393  5.393  5.392  5.391  5.391  5.390
   5.389  5.389  5.388  5.387  5.386  5.385  5.384  5.383  5.382  5.381
   5.380  5.379  5.377  5.376  5.375  5.373  5.372  5.370  5.368  5.366
   5.365  5.363  5.360  5.358  5.356  5.353  5.351  5.348  5.345  5.345
   5.345  5.345  5.345  5.345  5.345  5.345  5.345  5.345  5.345  5.345
   5.345  5.345  5.345  5.345  5.269  5.261  5.253  5.245  5.236  5.226
   5.215  5.204  5.191  5.248  5.245  5.241  5.237  5.233  5.229  5.245
   5.244  5.243  5.241  5.240  5.213  5.206  5.199  5.191  5.143  5.124
   5.102  5.078  5.051  5.022  5.230  5.241  5.252  5.264  5.275  5.126
   5.104  5.079  5.051  5.193  5.203  5.214  5.226  5.237  5.249  5.253
   5.264  5.275  5.286  5.298  5.254  5.256  5.258  5.260  5.261  5.263
   5.266  5.268  5.270  5.272  5.275  5.277  5.280  5.283  5.286  5.289
   5.292  5.295  5.299  5.302  5.306  5.310  5.314  5.318  5.322  5.326
   5.331  5.335  5.340  5.345  5.351  5.356  5.362  5.367  5.373  5.380
   5.386  5.392  5.399  5.406  5.413  5.421  5.428  5.436  5.444  5.453
   5.148  5.148  5.148  5.148  5.148  5.148  5.148  5.148  5.148  5.148
   5.148  5.148  5.148  5.148  5.148  5.148  5.148  5.148  5.148  5.148
   5.148  5.148  5.148  5.148  5.148  5.148  5.148  5.148  5.148  5.148
   5.148  5.148  5.148  5.148  5.148  5.148  5.148  5.148  5.148  5.148
   5.148  5.148  5.148  5.148  5.148  5.148  5.148  5.148  5.148  5.148
   5.148  5.148  5.148  5.148  5.148  5.148  5.148  5.148  5.148  5.148
   5.148  5.148  5.148  5.148  5.148  5.148  5.148  5.148  5.148  5.148
   5.148  5.148  5.148  5.148  5.148  5.148  5.148  5.148  5.148  5.148
   5.148  5.148  5.148  5.148  5.558  5.773  5.922  6.037  6.132  6.146
   6.146  6.146  6.146  6.146  6.146  6.146  6.146  6.146  6.146  6.146
   6.146  6.146  6.146  6.146  6.892  6.923  6.953  6.983  7.012  7.041
   7.069  7.097  7.124  6.755  6.738  6.719  6.699  6.677  6.653  6.727
   6.719  6.711  6.702  6.692  6.683  6.672  6.661  6.648  6.716  6.722
   6.727  6.733  6.739  6.746  6.678  6.672  6.666  6.659  6.652  6.675
   6.673  6.672  6.670  6.688  6.691  6.694  6.697  6.700  6.703  6.719
   6.725  6.731  6.737  6.743  6.732  6.735  6.739  6.742  6.746  6.750
   6.754  6.758  6.762  6.766  6.771  6.776  6.781  6.786  6.791  6.796
   6.802  6.808  6.814  6.820  6.826  6.833  6.840  6.847  6.854  6.861
   6.869  6.877  6.885  6.893  6.901  6.910  6.919  6.928  6.938  6.947
   6.957  6.967  6.978  6.988  6.999  7.010  7.021  7.033  7.045  7.057
   4.034  4.034  4.034  4.034  4.034  4.034  4.034  4.034  4.034  4.034
   4.034  4.034  4.034  4.034  4.034  4.034  4.034  4.034  4.034  4.034
   4.034  4.034  4.034  4.034  4.034  4.034  4.034  4.034  4.034  4.034
   4.034  4.034  4.034  4.034  4.034  4.034  4.034  4.034  4.034  4.034
   4.034  4.034  4.034  4.034  4.034  4.034  4.034  4.034  4.034  4.034
   4.034  4.034  4.034  4.034  4.034  4.034  4.034  4.034  4.034  4.034
   4.034  4.034  4.034  4.034  4.034  4.034  4.034  4.034  4.034  4.034
   4.034  4.034  4.034  4.034  4.034  4.034  4.034  4.034  4.034  4.034
   4.034  4.034  4.034  4.034  4.034  4.517  4.749  4.905  5.024  5.041
   5.041  5.041  5.041  5.041  5.041  5.041  5.041  5.041  5.041  5.041
   5.041  5.041  5.041  5.041  5.857  5.890  5.921  5.952  5.982  6.011
   6.039  6.068  6.095  6.392  6.431  6.469  6.505  6.540  6.573  6.692
   6.731  6.768  6.803  6.838  6.837  6.865  6.893  6.920  6.929  6.953
   6.976  6.999  7.022  7.045  7.019  7.035  7.052  7.069  7.086  7.036
   7.041  7.047  7.053  7.030  7.030  7.030  7.030  7.030  7.030  7.033
   7.034  7.034  7.035  7.035  6.960  6.943  6.925  6.905  6.883  6.859
   6.833  6.803  6.769  6.730  6.686  6.634  6.573  6.497  6.401  6.270
   6.070  5.660  5.660  5.660  5.660  5.660  5.660  5.660  5.660  5.660
   5.660  5.660  5.660  5.660  5.660  5.660  5.660  5.660  5.660  5.660
   5.660  5.660  5.660  5.660  5.660  5.660  5.660  5.660  5.660  5.660
   6.409  6.409  6.409  6.410  6.410  6.411  6.411  6.411  6.412  6.412
   6.413  6.413  6.414  6.414  6.415  6.415  6.416  6.417  6.417  6.418
   6.419  6.420  6.420  6.421  6.422  6.423  6.424  6.425  6.426  6.427
   6.428  6.429  6.431  6.432  6.433  6.435  6.436  6.438  6.439  6.441
   6.443  6.444  6.446  6.448  6.450  6.453  6.455  6.457  6.460  6.462
   6.465  6.467  6.470  6.473  6.476  6.480  6.483  6.486  6.490  6.494
   6.498  6.502  6.506  6.510  6.514  6.519  6.524  6.529  6.534  6.539
   6.545  6.551  6.556  6.563  6.569  6.575  6.582  6.589  6.596  6.603
   6.611  6.619  6.626  6.635  6.643  6.652  6.661  6.670  6.679  6.680
   6.680  6.680  6.680  6.680  6.680  6.680  6.680  6.680  6.680  6.680
   6.680  6.680  6.680  6.680  6.859  6.872  6.885  6.899  6.913  6.927
   6.941  6.955  6.969  6.993  7.009  7.025  7.041  7.057  7.073  7.091
   7.107  7.124  7.141  7.158  7.153  7.167  7.181  7.195  7.207  7.222
   7.236  7.251  7.265  7.280  7.249  7.258  7.267  7.276  7.285  7.257
   7.260  7.263  7.266  7.265  7.267  7.270  7.272  7.275  7.278  7.243
   7.239  7.235  7.231  7.227  7.198  7.188  7.177  7.166  7.153  7.139
   7.125  7.109  7.091  7.072  7.051  7.028  7.003  6.974  6.943  6.907
   6.865  6.818  6.761  6.693  6.608  6.496  6.337  6.066  5.040  5.040
   5.040  5.040  5.040  5.040  5.040  5.040  5.040  5.040  5.040  5.040
   5.040  5.040  5.040  5.040  5.040  5.040  5.040  5.040  5.040  5.040
   4.890  4.890  4.890  4.890  4.890  4.890  4.890  4.891  4.891  4.891
   4.891  4.891  4.891  4.892  4.892  4.892  4.892  4.893  4.893  4.893
   4.893  4.894  4.894  4.894  4.895  4.895  4.895  4.896  4.896  4.896
   4.897  4.897  4.898  4.898  4.899  4.899  4.900  4.901  4.901  4.902
   4.903  4.903  4.904  4.905  4.906  4.906  4.907  4.908  4.909  4.910
   4.911  4.912  4.914  4.915  4.916  4.917  4.919  4.920  4.922  4.923
   4.925  4.927  4.928  4.930  4.932  4.934  4.936  4.938  4.941  4.943
   4.946  4.948  4.951  4.954  4.956  4.959  4.963  4.966  4.969  4.973
   4.976  4.980  4.984  4.988  4.992  4.997  5.001  5.006  5.011  5.012
   5.012  5.012  5.012  5.012  5.012  5.012  5.012  5.012  5.012  5.012
   5.012  5.012  5.012  5.012  5.115  5.123  5.132  5.140  5.149  5.158
   5.168  5.177  5.187  5.243  5.258  5.273  5.288  5.303  5.319  5.355
   5.373  5.392  5.410  5.429  5.439  5.457  5.474  5.492  5.504  5.521
   5.537  5.554  5.571  5.589  5.619  5.638  5.657  5.676  5.695  5.723
   5.743  5.764  5.784  5.768  5.781  5.795  5.808  5.822  5.837  5.974
   6.002  6.030  6.058  6.085  6.091  6.115  6.138  6.161  6.184  6.207
   6.230  6.252  6.275  6.297  6.319  6.341  6.363  6.385  6.407  6.428
   6.450  6.471  6.493  6.514  6.536  6.557  6.578  6.599  6.620  6.641
   6.662  6.683  6.704  6.725  6.746  6.766  6.787  6.808  6.829  6.849
   6.870  6.890  6.911  6.931  6.952  6.972  6.993  7.013  7.034  7.054
   7.104  7.104  7.104  7.104  7.104  7.104  7.104  7.104  7.104  7.104
   7.104  7.104  7.104  7.104  7.103  7.103  7.103  7.103  7.103  7.103
   7.103  7.103  7.103  7.103  7.102  7.102  7.102  7.102  7.102  7.102
   7.102  7.101  7.101  7.101  7.101  7.101  7.100  7.100  7.100  7.100
   7.099  7.099  7.099  7.098  7.098  7.098  7.097  7.097  7.097  7.096
   7.096  7.095  7.095  7.094  7.094  7.093  7.093  7.092  7.092  7.091
   7.090  7.090  7.089  7.088  7.087  7.086  7.085  7.084  7.083  7.082
   7.081  7.080  7.079  7.078  7.076  7.075  7.073  7.072  7.070  7.068
   7.067  7.065  7.063  7.061  7.058  7.056  7.054  7.051  7.048  7.048
   7.048  7.048  7.048  7.048  7.048  7.048  7.048  7.048  7.048  7.048
   7.048  7.048  7.048  7.048  6.976  6.969  6.962  6.953  6.945  6.936
   6.926  6.915  6.904  6.968  6.966  6.964  6.962  6.960  6.958  6.961
   6.960  6.958  6.957  6.955  6.961  6.960  6.960  6.959  6.955  6.953
   6.951  6.950  6.948  6.946  6.970  6.973  6.975  6.978  6.981  6.977
   6.979  6.981  6.982  6.988  6.990  6.993  6.996  7.000  7.003  7.000
   7.003  7.005  7.008  7.011  7.013  7.016  7.019  7.022  7.025  7.029
   7.032  7.036  7.040  7.044  7.048  7.052  7.057  7.061  7.066  7.071
   7.076  7.081  7.087  7.092  7.098  7.104  7.111  7.117  7.124  7.130
   7.137  7.145  7.152  7.160  7.168  7.176  7.184  7.193  7.201  7.210
   7.220  7.229  7.239  7.249  7.259  7.269  7.280  7.291  7.302  7.313
   4.473  4.473  4.473  4.473  4.473  4.473  4.473  4.473  4.473  4.473
   4.473  4.473  4.473  4.473  4.473  4.473  4.473  4.473  4.473  4.473
   4.473  4.473  4.473  4.473  4.473  4.473  4.473  4.473  4.473  4.473
   4.473  4.473  4.473  4.473  4.473  4.473  4.473  4.473  4.473  4.473
   4.473  4.473  4.473  4.473  4.473  4.473  4.473  4.473  4.473  4.473
   4.473  4.473  4.473  4.473  4.473  4.473  4.473  4.473  4.473  4.473
   4.473  4.473  4.473  4.473  4.473  4.473  4.473  4.473  4.473  4.473
   4.473  4.473  4.473  4.473  4.473  4.473  4.473  4.473  4.473  4.473
   4.473  4.473  4.785  4.972  5.108  5.215  5.305  5.382  5.451  5.461
   5.461  5.461  5.461  5.461  5.461  5.461  5.461  5.461  5.461  5.461
   5.461  5.461  5.461  5.461  6.107  6.137  6.166  6.194  6.222  6.250
   6.276  6.303  6.329  6.552  6.588  6.623  6.656  6.688  6.720  6.718
   6.744  6.771  6.797  6.822  6.813  6.833  6.853  6.874  6.863  6.878
   6.893  6.907  6.922  6.938  6.903  6.912  6.920  6.929  6.938  6.936
   6.944  6.951  6.959  6.938  6.939  6.941  6.943  6.945  6.947  6.944
   6.945  6.947  6.948  6.950  6.925  6.921  6.917  6.913  6.908  6.904
   6.898  6.893  6.887  6.881  6.875  6.868  6.861  6.853  6.845  6.836
   6.827  6.817  6.806  6.794  6.782  6.768  6.753  6.738  6.720  6.701
   6.681  6.658  6.633  6.605  6.574  6.538  6.498  6.451  6.395  6.329
   6.246  6.139  5.987  5.737  5.005  5.005  5.005  5.005  5.005  5.005
   5.610  5.618  5.627  5.636  5.646  5.655  5.665  5.675  5.685  5.695
   5.706  5.717  5.728  5.739  5.751  5.763  5.775  5.787  5.800  5.812
   5.825  5.838  5.851  5.865  5.879  5.893  5.907  5.921  5.935  5.950
   5.965  5.980  5.995  6.010  6.026  6.042  6.057  6.073  6.090  6.106
   6.122  6.139  6.155  6.172  6.189  6.206  6.223  6.240  6.258  6.275
   6.293  6.311  6.328  6.346  6.364  6.382  6.400  6.418  6.437  6.455
   6.473  6.492  6.510  6.529  6.547  6.566  6.585  6.604  6.623  6.642
   6.660  6.679  6.699  6.718  6.737  6.756  6.775  6.794  6.814  6.833
   6.852  6.872  6.891  6.910  6.930  6.949  6.969  6.988  7.008  7.011
   7.011  7.011  7.011  7.011  7.011  7.011  7.011  7.011  7.011  7.011
   7.011  7.011  7.011  7.011  7.323  7.342  7.362  7.382  7.402  7.422
   7.441  7.461  7.481  7.367  7.375  7.382  7.390  7.398  7.406  7.351
   7.349  7.348  7.346  7.344  7.319  7.312  7.305  7.297  7.273  7.260
   7.246  7.231  7.214  7.196  7.203  7.187  7.170  7.151  7.131  7.126
   7.106  7.084  7.059  7.049  7.024  6.996  6.965  6.930  6.890  6.947
   6.922  6.894  6.863  6.827  6.862  6.838  6.812  6.782  6.749  6.711
   6.668  6.617  6.557  6.483  6.390  6.264  6.076  5.713  5.713  5.713
   5.713  5.713  5.713  5.713  5.713  5.713  5.713  5.713  5.713  5.713
   5.713  5.713  5.713  5.713  5.713  5.713  5.713  5.713  5.713  5.713
   5.713  5.713  5.713  5.713  5.713  5.713  5.713  5.713  5.713  5.713
   8.268  8.267  8.267  8.267  8.267  8.267  8.267  8.267  8.266  8.266
   8.266  8.266  8.266  8.265  8.265  8.265  8.265  8.265  8.264  8.264
   8.264  8.263  8.263  8.263  8.262  8.262  8.262  8.261  8.261  8.260
   8.260  8.259  8.259  8.258  8.258  8.257  8.257  8.256  8.255  8.255
   8.254  8.253  8.252  8.251  8.250  8.250  8.249  8.247  8.246  8.245
   8.244  8.243  8.241  8.240  8.239  8.237  8.235  8.234  8.232  8.230
   8.228  8.226  8.224  8.221  8.219  8.216  8.214  8.211  8.208  8.205
   8.201  8.198  8.194  8.190  8.186  8.182  8.177  8.172  8.167  8.161
   8.156  8.149  8.143  8.136  8.128  8.120  8.112  8.103  8.093  8.091
   8.091  8.091  8.091  8.091  8.091  8.091  8.091  8.091  8.091  8.091
   8.091  8.091  8.091  8.091  7.747  7.696  7.636  7.563  7.470  7.344
   7.157  6.797  7.169  7.541  7.497  7.446  7.385  7.310  7.215  7.384
   7.340  7.288  7.226  7.150  7.262  7.223  7.179  7.127  7.172  7.138
   7.100  7.057  7.005  6.944  7.001  6.956  6.902  6.838  6.759  6.886
   6.849  6.808  6.760  6.788  6.753  6.713  6.666  6.611  6.545  6.700
   6.676  6.650  6.620  6.587  6.613  6.589  6.563  6.533  6.500  6.461
   6.418  6.367  6.306  6.231  6.136  6.008  5.815  5.432  5.432  5.432
   5.432  5.432  5.432  5.432  5.432  5.432  5.432  5.432  5.432  5.432
   5.432  5.432  5.432  5.432  5.432  5.432  5.432  5.432  5.432  5.432
   5.432  5.432  5.432  5.432  5.432  5.432  5.432  5.432  5.432  5.432
   3.818  3.818  3.818  3.818  3.818  3.818  3.818  3.818  3.818  3.818
   3.818  3.818  3.818  3.818  3.818  3.818  3.818  3.818  3.818  3.818
   3.818  3.818  3.818  3.818  3.818  3.818  3.818  3.818  3.818  3.818
   3.818  3.818  3.818  3.818  3.818  3.818  3.818  3.818  3.818  3.818
   3.818  3.818  3.818  3.818  3.818  3.818  3.818  3.818  3.818  3.818
   3.818  3.818  3.818  3.818  3.818  3.818  3.818  3.818  3.818  3.818
   3.818  3.818  3.818  3.818  3.818  3.818  3.818  3.818  3.818  3.818
   3.818  3.818  3.818  3.818  3.818  3.818  4.709  4.991  5.167  5.297
   5.401  5.488  5.564  5.632  5.693  5.749  5.800  5.848  5.894  5.901
   5.901  5.901  5.901  5.901  5.901  5.901  5.901  5.901  5.901  5.901
   5.901  5.901  5.901  5.901  6.425  6.452  6.478  6.504  6.530  6.555
   6.580  6.605  6.630  6.553  6.569  6.585  6.602  6.618  6.635  6.583
   6.590  6.598  6.605  6.613  6.607  6.613  6.619  6.626  6.634  6.641
   6.648  6.655  6.663  6.671  6.686  6.695  6.705  6.715  6.725  6.737
   6.748  6.759  6.770  6.835  6.857  6.879  6.901  6.922  6.944  6.885
   6.896  6.907  6.919  6.931  6.935  6.946  6.957  6.968  6.980  6.992
   7.004  7.016  7.028  7.041  7.054  7.067  7.080  7.094  7.107  7.121
   7.135  7.149  7.164  7.179  7.193  7.208  7.223  7.239  7.254  7.270
   7.286  7.302  7.318  7.334  7.350  7.367  7.383  7.400  7.417  7.434
   7.451  7.468  7.486  7.503  7.521  7.538  7.556  7.574  7.592  7.610
   4.579  4.579  4.579  4.579  4.579  4.579  4.579  4.579  4.579  4.579
   4.579  4.579  4.579  4.579  4.579  4.579  4.579  4.579  4.579  4.579
   4.579  4.579  4.579  4.579  4.579  4.579  4.579  4.579  4.579  4.579
   4.579  4.579  4.579  4.579  4.579  4.579  4.579  4.579  4.579  4.579
   4.579  4.579  4.579  4.579  4.579  4.579  4.579  4.579  4.579  4.579
   4.579  4.579  4.579  4.579  4.579  4.579  4.579  4.579  4.579  4.579
   4.579  4.579  4.579  4.579  4.579  4.579  4.579  4.579  4.579  4.579
   4.579  4.579  4.579  4.579  4.579  4.579  4.579  5.067  5.299  5.456
   5.575  5.673  5.756  5.828  5.893  5.952  6.007  6.057  6.104  6.111
   6.111  6.111  6.111  6.111  6.111  6.111  6.111  6.111  6.111  6.111
   6.111  6.111  6.111  6.111  6.647  6.674  6.701  6.727  6.753  6.778
   6.804  6.829  6.853  6.824  6.844  6.865  6.885  6.905  6.925  6.912
   6.928  6.945  6.961  6.977  6.971  6.984  6.997  7.011  7.009  7.020
   7.031  7.042  7.054  7.065  7.057  7.066  7.076  7.086  7.096  7.082
   7.088  7.095  7.101  7.097  7.102  7.107  7.111  7.117  7.122  7.121
   7.125  7.130  7.135  7.140  7.109  7.107  7.105  7.103  7.101  7.098
   7.096  7.093  7.091  7.088  7.085  7.082  7.078  7.075  7.071  7.067
   7.063  7.058  7.054  7.049  7.043  7.038  7.032  7.026  7.019  7.012
   7.004  6.996  6.988  6.978  6.969  6.958  6.947  6.935  6.921  6.907
   6.892  6.875  6.857  6.837  6.815  6.791  6.764  6.734  6.700  6.662
   4.932  4.932  4.932  4.932  4.932  4.932  4.932  4.932  4.932  4.932
   4.932  4.932  4.932  4.932  4.932  4.932  4.932  4.932  4.932  4.932
   4.932  4.932  4.932  4.932  4.932  4.932  4.932  4.932  4.932  4.932
   4.932  4.932  4.932  4.932  4.932  4.932  4.932  4.932  4.932  4.932
   4.932  4.932  4.932  4.932  4.932  4.932  4.932  4.932  4.932  4.932
   4.932  4.932  4.932  4.932  4.932  4.932  4.932  4.932  4.932  4.932
   4.932  4.932  4.932  4.932  4.932  5.358  5.577  5.727  5.843  5.939
   6.020  6.092  6.156  6.214  6.268  6.318  6.365  6.409  6.451  6.491
   6.529  6.565  6.601  6.635  6.668  6.700  6.731  6.762  6.792  6.797
   6.797  6.797  6.797  6.797  6.797  6.797  6.797  6.797  6.797  6.797
   6.797  6.797  6.797  6.797  7.208  7.231  7.255  7.278  7.301  7.324
   7.346  7.369  7.391  7.242  7.248  7.255  7.262  7.269  7.276  7.271
   7.277  7.282  7.289  7.295  7.259  7.258  7.256  7.254  7.254  7.253
   7.251  7.249  7.248  7.246  7.239  7.236  7.233  7.230  7.227  7.217
   7.212  7.207  7.202  7.206  7.202  7.198  7.194  7.189  7.184  7.188
   7.184  7.180  7.176  7.172  7.177  7.174  7.171  7.168  7.165  7.162
   7.158  7.154  7.150  7.146  7.141  7.137  7.131  7.126  7.120  7.114
   7.108  7.101  7.094  7.086  7.078  7.069  7.059  7.049  7.039  7.027
   7.014  7.001  6.986  6.970  6.953  6.934  6.913  6.891  6.865  6.837
   6.806  6.770  6.730  6.683  6.627  6.560  6.477  6.369  6.216  5.962
   5.567  5.567  5.567  5.567  5.567  5.567  5.567  5.567  5.567  5.567
   5.567  5.567  5.567  5.567  5.567  5.567  5.567  5.567  5.567  5.567
   5.567  5.567  5.567  5.567  5.567  5.567  5.567  5.567  5.567  5.567
   5.567  5.567  5.567  5.567  5.567  5.567  5.567  5.567  5.567  5.567
   5.567  5.567  5.567  5.567  5.567  5.567  5.567  5.567  5.567  5.567
   5.566  5.566  5.566  5.566  5.566  5.566  5.566  5.566  5.566  5.566
   5.566  5.566  5.566  5.566  5.566  5.565  5.565  5.565  5.565  5.565
   5.565  5.565  5.565  5.565  5.564  5.564  5.564  5.564  5.564  5.564
   5.563  5.563  5.563  5.563  5.563  5.562  5.562  5.562  5.562  5.562
   5.562  5.562  5.562  5.562  5.562  5.562  5.562  5.562  5.562  5.562
   5.562  5.562  5.562  5.562  5.555  5.555  5.554  5.553  5.553  5.552
   5.551  5.551  5.550  5.565  5.566  5.568  5.569  5.570  5.572  5.613
   5.621  5.629  5.638  5.646  5.685  5.700  5.714  5.728  5.756  5.774
   5.791  5.809  5.826  5.844  5.858  5.876  5.893  5.911  5.929  5.928
   5.943  5.958  5.973  5.974  5.987  6.000  6.013  6.027  6.040  6.036
   6.047  6.059  6.071  6.083  6.078  6.088  6.097  6.107  6.117  6.128
   6.139  6.149  6.161  6.172  6.183  6.195  6.207  6.219  6.232  6.245
   6.257  6.271  6.284  6.297  6.311  6.325  6.339  6.353  6.368  6.382
   6.397  6.412  6.427  6.443  6.458  6.474  6.490  6.506  6.522  6.538
   6.554  6.571  6.588  6.604  6.621  6.638  6.655  6.673  6.690  6.707
   7.003  7.003  7.003  7.003  7.003  7.003  7.003  7.003  7.003  7.003
   7.003  7.003  7.003  7.003  7.003  7.003  7.003  7.003  7.003  7.003
   7.003  7.003  7.003  7.003  7.003  7.003  7.003  7.003  7.003  7.003
   7.003  7.003  7.003  7.003  7.003  7.003  7.003  7.003  7.003  7.003
   7.003  7.003  7.003  7.003  7.003  7.003  7.003  7.003  7.003  7.003
   7.002  7.002  7.002  7.002  7.002  7.002  7.002  7.002  7.002  7.002
   7.002  7.002  7.002  7.002  7.002  7.002  7.002  7.002  7.002  7.001
   7.001  7.001  7.001  7.001  7.001  7.001  7.001  7.001  7.001  7.000
   7.000  7.000  7.000  7.000  7.000  6.999  6.999  6.999  6.999  6.999
   6.999  6.999  6.999  6.999  6.999  6.999  6.999  6.999  6.999  6.999
   6.999  6.999  6.999  6.999  6.994  6.994  6.993  6.993  6.992  6.992
   6.991  6.991  6.990  6.984  6.983  6.982  6.980  6.979  6.977  6.970
   6.967  6.965  6.962  6.958  6.959  6.956  6.953  6.950  6.955  6.953
   6.952  6.950  6.948  6.947  6.940  6.937  6.934  6.931  6.927  6.908
   6.901  6.893  6.885  6.897  6.893  6.888  6.884  6.879  6.874  6.877
   6.873  6.869  6.864  6.859  6.849  6.842  6.835  6.827  6.819  6.810
   6.801  6.791  6.780  6.769  6.757  6.743  6.729  6.714  6.697  6.678
   6.658  6.636  6.611  6.584  6.554  6.519  6.480  6.435  6.382  6.319
   6.241  6.141  6.003  5.788  5.304  5.304  5.304  5.304  5.304  5.304
   5.304  5.304  5.304  5.304  5.304  5.304  5.304  5.304  5.304  5.304
   7.980  7.980  7.980  7.980  7.981  7.981  7.981  7.982  7.982  7.982
   7.983  7.983  7.984  7.984  7.984  7.985  7.985  7.986  7.986  7.987
   7.988  7.988  7.989  7.989  7.990  7.991  7.992  7.992  7.993  7.994
   7.995  7.996  7.997  7.998  7.999  8.000  8.001  8.003  8.004  8.005
   8.007  8.008  8.010  8.011  8.013  8.015  8.016  8.018  8.020  8.022
   8.024  8.027  8.029  8.031  8.034  8.036  8.039  8.042  8.045  8.048
   8.051  8.054  8.058  8.061  8.065  8.069  8.073  8.077  8.081  8.086
   8.091  8.095  8.100  8.105  8.111  8.116  8.122  8.128  8.134  8.140
   8.146  8.153  8.160  8.167  8.174  8.182  8.189  8.197  8.205  8.207
   8.207  8.207  8.207  8.207  8.207  8.207  8.207  8.207  8.207  8.207
   8.207  8.207  8.207  8.207  8.367  8.379  8.391  8.403  8.416  8.429
   8.442  8.455  8.469  8.456  8.468  8.479  8.491  8.503  8.515  8.516
   8.527  8.538  8.549  8.561  8.605  8.622  8.640  8.657  8.657  8.672
   8.686  8.701  8.716  8.731  8.716  8.728  8.739  8.751  8.763  8.709
   8.710  8.710  8.710  8.735  8.741  8.747  8.753  8.759  8.766  8.704
   8.699  8.694  8.689  8.683  8.636  8.620  8.602  8.583  8.562  8.539
   8.514  8.485  8.453  8.417  8.375  8.327  8.270  8.201  8.115  8.001
   7.838  7.557  6.212  6.212  6.212  6.212  6.212  6.212  6.212  6.212
   6.212  6.212  6.212  6.212  6.212  6.212  6.212  6.212  6.212  6.212
   6.212  6.212  6.212  6.212  6.212  6.212  6.212  6.212  6.212  6.212
   6.037  6.038  6.038  6.038  6.038  6.039  6.039  6.039  6.040  6.040
   6.040  6.041  6.041  6.042  6.042  6.043  6.043  6.044  6.044  6.045
   6.045  6.046  6.046  6.047  6.048  6.049  6.049  6.050  6.051  6.052
   6.053  6.054  6.055  6.056  6.057  6.058  6.059  6.060  6.062  6.063
   6.064  6.066  6.067  6.069  6.071  6.072  6.074  6.076  6.078  6.080
   6.082  6.084  6.087  6.089  6.092  6.094  6.097  6.100  6.103  6.106
   6.109  6.112  6.116  6.119  6.123  6.127  6.131  6.135  6.139  6.144
   6.148  6.153  6.158  6.163  6.168  6.174  6.179  6.185  6.191  6.198
   6.204  6.211  6.217  6.225  6.232  6.239  6.247  6.255  6.263  6.264
   6.264  6.264  6.264  6.264  6.264  6.264  6.264  6.264  6.264  6.264
   6.264  6.264  6.264  6.264  6.424  6.436  6.448  6.461  6.473  6.486
   6.499  6.513  6.526  6.514  6.525  6.537  6.549  6.561  6.573  6.573
   6.584  6.596  6.607  6.619  6.623  6.634  6.645  6.657  6.663  6.674
   6.685  6.696  6.708  6.719  6.723  6.734  6.746  6.757  6.769  6.759
   6.768  6.776  6.785  6.785  6.785  6.785  6.785  6.785  6.785  6.785
   6.785  6.785  6.785  6.785  6.785  6.785  6.785  6.785  6.785  6.785
   6.785  6.785  6.785  6.785  6.785  6.785  6.785  6.785  6.785  6.785
   6.785  6.785  6.785  6.785  6.785  6.785  6.785  6.785  6.785  6.785
   6.785  6.785  6.785  6.785  6.785  6.785  6.785  6.785  6.785  6.785
   6.785  6.785  6.785  6.785  6.785  6.785  6.785  6.785  6.785  6.785
   7.197  7.197  7.198  7.198  7.198  7.198  7.199  7.199  7.199  7.200
   7.200  7.201  7.201  7.201  7.202  7.202  7.203  7.203  7.204  7.204
   7.205  7.206  7.206  7.207  7.208  7.208  7.209  7.210  7.211  7.212
   7.212  7.213  7.214  7.215  7.216  7.218  7.219  7.220  7.221  7.223
   7.224  7.226  7.227  7.229  7.230  7.232  7.234  7.236  7.238  7.240
   7.242  7.244  7.246  7.249  7.251  7.254  7.257  7.259  7.262  7.265
   7.269  7.272  7.275  7.279  7.283  7.286  7.290  7.295  7.299  7.303
   7.308  7.313  7.318  7.323  7.328  7.334  7.339  7.345  7.351  7.357
   7.364  7.370  7.377  7.384  7.392  7.399  7.407  7.415  7.423  7.424
   7.424  7.424  7.424  7.424  7.424  7.424  7.424  7.424  7.424  7.424
   7.424  7.424  7.424  7.424  7.584  7.596  7.608  7.621  7.633  7.646
   7.659  7.672  7.686  7.674  7.685  7.697  7.708  7.720  7.733  7.733
   7.744  7.755  7.767  7.778  7.783  7.794  7.805  7.816  7.823  7.834
   7.845  7.856  7.868  7.879  7.883  7.894  7.905  7.917  7.928  7.933
   7.944  7.955  7.966  7.973  7.984  7.995  8.006  8.017  8.029  8.033
   8.044  8.055  8.067  8.078  8.083  8.094  8.105  8.116  8.128  8.140
   8.152  8.164  8.176  8.189  8.202  8.215  8.228  8.241  8.255  8.269
   8.283  8.297  8.312  8.326  8.341  8.356  8.371  8.387  8.402  8.418
   8.433  8.449  8.465  8.482  8.498  8.515  8.531  8.548  8.565  8.582
   8.599  8.616  8.634  8.651  8.669  8.686  8.704  8.722  8.740  8.758
   6.586  6.586  6.587  6.587  6.587  6.588  6.588  6.588  6.589  6.589
   6.589  6.590  6.590  6.591  6.591  6.591  6.592  6.592  6.593  6.594
   6.594  6.595  6.595  6.596  6.597  6.597  6.598  6.599  6.600  6.601
   6.602  6.603  6.604  6.605  6.606  6.607  6.608  6.609  6.610  6.612
   6.613  6.615  6.616  6.618  6.619  6.621  6.623  6.625  6.627  6.629
   6.631  6.633  6.635  6.638  6.640  6.643  6.646  6.649  6.651  6.655
   6.658  6.661  6.664  6.668  6.672  6.676  6.680  6.684  6.688  6.692
   6.697  6.702  6.707  6.712  6.717  6.723  6.728  6.734  6.740  6.746
   6.753  6.760  6.766  6.773  6.781  6.788  6.796  6.804  6.812  6.813
   6.813  6.813  6.813  6.813  6.813  6.813  6.813  6.813  6.813  6.813
   6.813  6.813  6.813  6.813  6.973  6.985  6.997  7.010  7.022  7.035
   7.048  7.062  7.075  7.063  7.074  7.086  7.097  7.109  7.122  7.122
   7.133  7.144  7.156  7.168  7.172  7.183  7.194  7.206  7.212  7.223
   7.234  7.245  7.257  7.268  7.272  7.283  7.294  7.306  7.317  7.322
   7.333  7.344  7.355  7.362  7.373  7.384  7.395  7.407  7.418  7.422
   7.433  7.444  7.456  7.467  7.472  7.483  7.494  7.505  7.517  7.529
   7.541  7.553  7.565  7.578  7.591  7.604  7.617  7.631  7.644  7.658
   7.672  7.686  7.701  7.715  7.730  7.745  7.760  7.776  7.791  7.807
   7.823  7.839  7.855  7.871  7.887  7.904  7.920  7.937  7.954  7.971
   7.988  8.005  8.023  8.040  8.058  8.075  8.093  8.111  8.129  8.147
   6.059  6.060  6.060  6.060  6.060  6.061  6.061  6.061  6.062  6.062
   6.062  6.063  6.063  6.064  6.064  6.065  6.065  6.066  6.066  6.067
   6.067  6.068  6.069  6.069  6.070  6.071  6.071  6.072  6.073  6.074
   6.075  6.076  6.077  6.078  6.079  6.080  6.081  6.082  6.084  6.085
   6.086  6.088  6.089  6.091  6.093  6.094  6.096  6.098  6.100  6.102
   6.104  6.106  6.109  6.111  6.114  6.116  6.119  6.122  6.125  6.128
   6.131  6.134  6.138  6.141  6.145  6.149  6.153  6.157  6.161  6.166
   6.170  6.175  6.180  6.185  6.190  6.196  6.201  6.207  6.213  6.220
   6.226  6.233  6.240  6.247  6.254  6.261  6.269  6.277  6.285  6.286
   6.286  6.286  6.286  6.286  6.286  6.286  6.286  6.286  6.286  6.286
   6.286  6.286  6.286  6.286  6.446  6.458  6.470  6.483  6.496  6.508
   6.521  6.535  6.548  6.536  6.547  6.559  6.571  6.583  6.595  6.595
   6.606  6.618  6.629  6.641  6.645  6.656  6.667  6.679  6.685  6.696
   6.707  6.718  6.730  6.742  6.745  6.756  6.768  6.779  6.791  6.795
   6.806  6.817  6.829  6.835  6.846  6.857  6.868  6.880  6.891  6.895
   6.906  6.917  6.929  6.941  6.945  6.956  6.967  6.979  6.990  7.002
   7.014  7.026  7.038  7.051  7.064  7.077  7.090  7.104  7.117  7.131
   7.145  7.160  7.174  7.189  7.203  7.218  7.234  7.249  7.264  7.280
   7.296  7.312  7.328  7.344  7.360  7.377  7.394  7.410  7.427  7.444
   7.461  7.479  7.496  7.513  7.531  7.549  7.566  7.584  7.602  7.620
   8.037  8.037  8.037  8.037  8.038  8.038  8.038  8.039  8.039  8.039
   8.040  8.040  8.041  8.041  8.041  8.042  8.042  8.043  8.043  8.044
   8.045  8.045  8.046  8.046  8.047  8.048  8.049  8.049  8.050  8.051
   8.052  8.053  8.054  8.055  8.056  8.057  8.058  8.060  8.061  8.062
   8.064  8.065  8.067  8.068  8.070  8.072  8.073  8.075  8.077  8.079
   8.081  8.084  8.086  8.088  8.091  8.093  8.096  8.099  8.102  8.105
   8.108  8.112  8.115  8.119  8.122  8.126  8.130  8.134  8.138  8.143
   8.148  8.152  8.157  8.162  8.168  8.173  8.179  8.185  8.191  8.197
   8.203  8.210  8.217  8.224  8.231  8.239  8.246  8.254  8.262  8.264
   8.264  8.264  8.264  8.264  8.264  8.264  8.264  8.264  8.264  8.264
   8.264  8.264  8.264  8.264  8.424  8.436  8.448  8.460  8.473  8.486
   8.499  8.512  8.526  8.513  8.525  8.536  8.548  8.560  8.572  8.573
   8.584  8.595  8.606  8.618  8.623  8.634  8.645  8.656  8.663  8.673
   8.684  8.696  8.707  8.719  8.723  8.734  8.745  8.756  8.768  8.773
   8.784  8.795  8.806  8.813  8.823  8.834  8.846  8.857  8.869  8.873
   8.884  8.895  8.906  8.918  8.923  8.933  8.945  8.956  8.967  8.979
   8.991  9.003  9.016  9.028  9.041  9.054  9.068  9.081  9.095  9.109
   9.123  9.137  9.151  9.166  9.181  9.196  9.211  9.226  9.242  9.257
   9.273  9.289  9.305  9.321  9.338  9.354  9.371  9.388  9.404  9.421
   9.439  9.456  9.473  9.491  9.508  9.526  9.544  9.561  9.579  9.597
   3.770  3.771  3.771  3.771  3.771  3.772  3.772  3.772  3.773  3.773
   3.773  3.774  3.774  3.775  3.775  3.776  3.776  3.777  3.777  3.778
   3.778  3.779  3.779  3.780  3.781  3.782  3.782  3.783  3.784  3.785
   3.786  3.787  3.788  3.789  3.790  3.791  3.792  3.793  3.795  3.796
   3.797  3.799  3.800  3.802  3.804  3.805  3.807  3.809  3.811  3.813
   3.815  3.817  3.820  3.822  3.825  3.827  3.830  3.833  3.836  3.839
   3.842  3.845  3.849  3.852  3.856  3.860  3.864  3.868  3.872  3.877
   3.881  3.886  3.891  3.896  3.901  3.907  3.912  3.918  3.924  3.931
   3.937  3.944  3.951  3.958  3.965  3.972  3.980  3.988  3.996  3.997
   3.997  3.997  3.997  3.997  3.997  3.997  3.997  3.997  3.997  3.997
   3.997  3.997  3.997  3.997  4.157  4.169  4.181  4.194  4.207  4.219
   4.232  4.246  4.259  4.247  4.258  4.270  4.282  4.294  4.306  4.306
   4.317  4.329  4.340  4.352  4.356  4.367  4.378  4.390  4.396  4.407
   4.418  4.429  4.441  4.452  4.456  4.467  4.479  4.490  4.502  4.506
   4.517  4.528  4.540  4.546  4.557  4.568  4.579  4.591  4.602  4.606
   4.617  4.628  4.640  4.652  4.656  4.667  4.678  4.690  4.701  4.713
   4.725  4.737  4.749  4.762  4.775  4.788  4.801  4.815  4.828  4.842
   4.856  4.871  4.885  4.900  4.914  4.929  4.945  4.960  4.975  4.991
   5.007  5.023  5.039  5.055  5.071  5.088  5.104  5.121  5.138  5.155
   5.172  5.189  5.207  5.224  5.242  5.259  5.277  5.295  5.313  5.331
   7.142  7.142  7.143  7.143  7.143  7.143  7.144  7.144  7.144  7.145
   7.145  7.146  7.146  7.146  7.147  7.147  7.148  7.148  7.149  7.149
   7.150  7.151  7.151  7.152  7.153  7.153  7.154  7.155  7.156  7.157
   7.157  7.158  7.159  7.160  7.161  7.163  7.164  7.165  7.166  7.168
   7.169  7.170  7.172  7.174  7.175  7.177  7.179  7.181  7.183  7.185
   7.187  7.189  7.191  7.194  7.196  7.199  7.202  7.204  7.207  7.210
   7.214  7.217  7.220  7.224  7.228  7.231  7.235  7.240  7.244  7.248
   7.253  7.258  7.263  7.268  7.273  7.279  7.284  7.290  7.296  7.302
   7.309  7.315  7.322  7.329  7.337  7.344  7.352  7.360  7.368  7.369
   7.369  7.369  7.369  7.369  7.369  7.369  7.369  7.369  7.369  7.369
   7.369  7.369  7.369  7.369  7.529  7.541  7.553  7.566  7.578  7.591
   7.604  7.617  7.631  7.619  7.630  7.642  7.653  7.665  7.678  7.678
   7.689  7.700  7.712  7.723  7.728  7.739  7.750  7.761  7.768  7.779
   7.790  7.801  7.813  7.824  7.828  7.839  7.850  7.862  7.873  7.878
   7.889  7.900  7.911  7.918  7.929  7.940  7.951  7.962  7.974  7.978
   7.989  8.000  8.012  8.023  8.028  8.039  8.050  8.061  8.073  8.085
   8.097  8.109  8.121  8.134  8.147  8.160  8.173  8.186  8.200  8.214
   8.228  8.242  8.257  8.271  8.286  8.301  8.316  8.332  8.347  8.363
   8.378  8.394  8.410  8.427  8.443  8.460  8.476  8.493  8.510  8.527
   8.544  8.561  8.579  8.596  8.614  8.631  8.649  8.667  8.685  8.703
   6.501  6.501  6.501  6.502  6.502  6.502  6.503  6.503  6.503  6.504
   6.504  6.504  6.505  6.505  6.506  6.506  6.507  6.507  6.508  6.508
   6.509  6.509  6.510  6.511  6.511  6.512  6.513  6.514  6.515  6.515
   6.516  6.517  6.518  6.519  6.520  6.521  6.523  6.524  6.525  6.527
   6.528  6.529  6.531  6.532  6.534  6.536  6.538  6.540  6.542  6.544
   6.546  6.548  6.550  6.553  6.555  6.558  6.560  6.563  6.566  6.569
   6.572  6.576  6.579  6.583  6.586  6.590  6.594  6.598  6.603  6.607
   6.612  6.617  6.621  6.627  6.632  6.637  6.643  6.649  6.655  6.661
   6.668  6.674  6.681  6.688  6.695  6.703  6.711  6.719  6.727  6.728
   6.728  6.728  6.728  6.728  6.728  6.728  6.728  6.728  6.728  6.728
   6.728  6.728  6.728  6.728  6.888  6.900  6.912  6.924  6.937  6.950
   6.963  6.976  6.990  6.977  6.989  7.000  7.012  7.024  7.036  7.037
   7.048  7.059  7.071  7.082  7.087  7.098  7.109  7.120  7.127  7.138
   7.149  7.160  7.171  7.183  7.187  7.198  7.209  7.221  7.232  7.237
   7.248  7.259  7.270  7.277  7.288  7.299  7.310  7.321  7.333  7.337
   7.348  7.359  7.370  7.382  7.387  7.398  7.409  7.420  7.432  7.443
   7.455  7.468  7.480  7.493  7.505  7.519  7.532  7.545  7.559  7.573
   7.587  7.601  7.616  7.630  7.645  7.660  7.675  7.690  7.706  7.722
   7.737  7.753  7.769  7.786  7.802  7.818  7.835  7.852  7.869  7.886
   7.903  7.920  7.937  7.955  7.972  7.990  8.008  8.026  8.044  8.062
   6.952  6.952  6.952  6.953  6.953  6.953  6.954  6.954  6.954  6.955
   6.955  6.955  6.956  6.956  6.957  6.957  6.958  6.958  6.959  6.959
   6.960  6.960  6.961  6.962  6.962  6.963  6.964  6.965  6.965  6.966
   6.967  6.968  6.969  6.970  6.971  6.972  6.974  6.975  6.976  6.977
   6.979  6.980  6.982  6.983  6.985  6.987  6.989  6.990  6.992  6.994
   6.997  6.999  7.001  7.004  7.006  7.009  7.011  7.014  7.017  7.020
   7.023  7.027  7.030  7.034  7.037  7.041  7.045  7.049  7.054  7.058
   7.063  7.067  7.072  7.077  7.083  7.088  7.094  7.100  7.106  7.112
   7.118  7.125  7.132  7.139  7.146  7.154  7.161  7.169  7.178  7.179
   7.179  7.179  7.179  7.179  7.179  7.179  7.179  7.179  7.179  7.179
   7.179  7.179  7.179  7.179  7.339  7.351  7.363  7.375  7.388  7.401
   7.414  7.427  7.441  7.428  7.440  7.451  7.463  7.475  7.487  7.488
   7.499  7.510  7.522  7.533  7.538  7.549  7.560  7.571  7.578  7.589
   7.600  7.611  7.622  7.634  7.638  7.649  7.660  7.671  7.683  7.688
   7.699  7.710  7.721  7.728  7.738  7.749  7.761  7.772  7.784  7.788
   7.799  7.810  7.821  7.833  7.838  7.849  7.860  7.871  7.883  7.894
   7.906  7.918  7.931  7.944  7.956  7.969  7.983  7.996  8.010  8.024
   8.038  8.052  8.066  8.081  8.096  8.111  8.126  8.141  8.157  8.172
   8.188  8.204  8.220  8.236  8.253  8.269  8.286  8.303  8.320  8.337
   8.354  8.371  8.388  8.406  8.423  8.441  8.459  8.476  8.494  8.512
   7.612  7.613  7.613  7.613  7.613  7.614  7.614  7.614  7.615  7.615
   7.615  7.616  7.616  7.617  7.617  7.618  7.618  7.619  7.619  7.620
   7.620  7.621  7.621  7.622  7.623  7.624  7.624  7.625  7.626  7.627
   7.628  7.629  7.630  7.631  7.632  7.633  7.634  7.635  7.637  7.638
   7.639  7.641  7.642  7.644  7.646  7.647  7.649  7.651  7.653  7.655
   7.657  7.659  7.662  7.664  7.666  7.669  7.672  7.675  7.678  7.681
   7.684  7.687  7.691  7.694  7.698  7.702  7.706  7.710  7.714  7.719
   7.723  7.728  7.733  7.738  7.743  7.749  7.754  7.760  7.766  7.773
   7.779  7.786  7.792  7.800  7.807  7.814  7.822  7.830  7.838  7.839
   7.839  7.839  7.839  7.839  7.839  7.839  7.839  7.839  7.839  7.839
   7.839  7.839  7.839  7.839  7.999  8.011  8.023  8.036  8.048  8.061
   8.074  8.088  8.101  8.089  8.100  8.112  8.124  8.136  8.148  8.148
   8.159  8.171  8.182  8.194  8.198  8.209  8.220  8.232  8.238  8.249
   8.260  8.271  8.283  8.294  8.298  8.309  8.320  8.332  8.344  8.348
   8.359  8.370  8.382  8.388  8.399  8.410  8.421  8.433  8.444  8.448
   8.459  8.470  8.482  8.493  8.498  8.509  8.520  8.531  8.543  8.555
   8.567  8.579  8.591  8.604  8.617  8.630  8.643  8.657  8.670  8.684
   8.698  8.712  8.727  8.742  8.756  8.771  8.786  8.802  8.817  8.833
   8.849  8.865  8.881  8.897  8.913  8.930  8.946  8.963  8.980  8.997
   9.014  9.031  9.049  9.066  9.084  9.101  9.119  9.137  9.155  9.173
