 Tev(Myr)    type      Mo        Mt      log10(L)  log10(R) log10(Teff)  Mc        Menv              epoch      spin                                  
    0.0000    1.0000   15.1600   15.1600    4.2856    0.5951    4.5371    0.0000  1.0000E-10      0.0000  2.5255E+03
    0.7048    1.0000   15.1590   15.1590    4.2959    0.6044    4.5350    0.0000  1.0000E-10      0.0000  2.4726E+03
    1.4097    1.0000   15.1580   15.1580    4.3074    0.6139    4.5332    0.0000  1.0000E-10     -0.0001  2.4195E+03
    2.1147    1.0000   15.1569   15.1569    4.3200    0.6235    4.5315    0.0000  1.0000E-10     -0.0002  2.3658E+03
    2.8197    1.0000   15.1558   15.1558    4.3339    0.6336    4.5300    0.0000  1.0000E-10     -0.0004  2.3108E+03
    3.5248    1.0000   15.1545   15.1545    4.3489    0.6440    4.5285    0.0000  1.0000E-10     -0.0007  2.2540E+03
    4.2299    1.0000   15.1532   15.1532    4.3651    0.6551    4.5270    0.0000  1.0000E-10     -0.0011  2.1949E+03
    4.9352    1.0000   15.1518   15.1518    4.3825    0.6668    4.5255    0.0000  1.0000E-10     -0.0017  2.1331E+03
    5.6405    1.0000   15.1502   15.1502    4.4011    0.6793    4.5239    0.0000  1.0000E-10     -0.0024  2.0681E+03
    6.3460    1.0000   15.1485   15.1485    4.4209    0.6928    4.5221    0.0000  1.0000E-10     -0.0032  1.9995E+03
    7.0515    1.0000   15.1466   15.1466    4.4418    0.7073    4.5201    0.0000  1.0000E-10     -0.0043  1.9268E+03
    7.7572    1.0000   15.1445   15.1445    4.4639    0.7232    4.5177    0.0000  1.0000E-10     -0.0056  1.8495E+03
    8.4629    1.0000   15.1422   15.1422    4.4872    0.7405    4.5148    0.0000  1.0000E-10     -0.0072  1.7669E+03
    9.1689    1.0000   15.1396   15.1396    4.5117    0.7598    4.5113    0.0000  1.0000E-10     -0.0091  1.6778E+03
    9.8750    1.0000   15.1367   15.1367    4.5373    0.7815    4.5068    0.0000  1.0000E-10     -0.0115  1.5805E+03
   10.5813    1.0000   15.1335   15.1335    4.5641    0.8068    4.5009    0.0000  1.0000E-10     -0.0143  1.4724E+03
   11.2877    1.0000   15.1298   15.1298    4.5921    0.8370    4.4928    0.0000  1.0000E-10     -0.0178  1.3498E+03
   11.9945    1.0000   15.1258   15.1258    4.6212    0.8745    4.4813    0.0000  1.0000E-10     -0.0218  1.2081E+03
   12.5987    1.0000   15.1219   15.1219    4.6470    0.9148    4.4676    0.0000  1.0000E-10     -0.0260  1.0678E+03
   13.0804    1.0000   15.1186   15.1186    4.6682    0.9546    4.4530    0.0000  1.0000E-10     -0.0296  9.4187E+02
   13.4780    1.0000   15.1159   15.1159    4.6861    0.9942    4.4377    0.0000  1.0000E-10     -0.0329  8.2837E+02
   14.1189    1.0000   15.1114   15.1114    4.7725    0.9748    4.4690    0.0000  1.0000E-10     -0.0382  8.7694E+02
   14.1192    1.0000   15.1114   15.1114    4.7727    0.9743    4.4693    0.0000  1.0000E-10     -0.0382  8.7833E+02
   14.1192    2.0000   15.1114   15.1114    4.7727    0.9698    4.4715    3.7599  1.0000E-10     -0.0382  1.1793E+03
   14.1207    2.0000   15.1114   15.1114    4.7779    0.9980    4.4588    3.7637  1.0000E-10     -0.0382  1.0788E+03
   14.1222    2.0000   15.1114   15.1114    4.7831    1.0262    4.4460    3.7674  1.0000E-10     -0.0382  9.8488E+02
   14.1237    2.0000   15.1114   15.1114    4.7883    1.0543    4.4332    3.7712  1.0000E-10     -0.0382  8.9749E+02
   14.1252    2.0000   15.1114   15.1113    4.7936    1.0825    4.4204    3.7749  1.0000E-10     -0.0382  8.1637E+02
   14.1267    2.0000   15.1114   15.1113    4.7988    1.1107    4.4076    3.7787  1.0000E-10     -0.0382  7.4128E+02
   14.1281    2.0000   15.1114   15.1113    4.8040    1.1388    4.3949    3.7825  1.0000E-10     -0.0382  6.7196E+02
   14.1296    2.0000   15.1114   15.1113    4.8092    1.1670    4.3821    3.7862  1.0000E-10     -0.0382  6.0815E+02
   14.1311    2.0000   15.1114   15.1113    4.8144    1.1952    4.3693    3.7900  1.0000E-10     -0.0382  5.4954E+02
   14.1326    2.0000   15.1114   15.1112    4.8196    1.2233    4.3565    3.7937  1.0000E-10     -0.0382  4.9585E+02
   14.1341    2.0000   15.1114   15.1112    4.8248    1.2515    4.3437    3.7975  1.0000E-10     -0.0382  4.4678E+02
   14.1356    2.0000   15.1114   15.1112    4.8300    1.2797    4.3309    3.8013  1.0000E-10     -0.0382  4.0203E+02
   14.1371    2.0000   15.1114   15.1111    4.8353    1.3078    4.3182    3.8050  1.0000E-10     -0.0382  3.6131E+02
   14.1386    2.0000   15.1114   15.1111    4.8405    1.3360    4.3054    3.8088  1.0000E-10     -0.0382  3.2433E+02
   14.1401    2.0000   15.1114   15.1111    4.8457    1.3642    4.2926    3.8125  1.0000E-10     -0.0382  2.9081E+02
   14.1416    2.0000   15.1114   15.1110    4.8509    1.3923    4.2798    3.8163  1.0000E-10     -0.0382  2.6048E+02
   14.1431    2.0000   15.1114   15.1110    4.8561    1.4205    4.2670    3.8201  1.0000E-10     -0.0382  2.3308E+02
   14.1446    2.0000   15.1114   15.1109    4.8613    1.4487    4.2543    3.8238  1.0000E-10     -0.0382  2.0838E+02
   14.1461    2.0000   15.1114   15.1109    4.8665    1.4768    4.2415    3.8276  1.0000E-10     -0.0382  1.8613E+02
   14.1476    2.0000   15.1114   15.1108    4.8718    1.5050    4.2287    3.8313  1.0000E-10     -0.0382  1.6612E+02
   14.1491    4.0000   15.1114   15.1108    4.8770    1.5332    4.2159    3.8351  1.0000E-10     -0.0382  1.4817E+02
   14.1633    4.0000   15.1114   15.1102    4.8780    1.5331    4.2162    3.8511  1.0000E-10     -0.0382  1.4820E+02
   14.1775    4.0000   15.1114   15.1096    4.8791    1.5330    4.2165    3.8671  1.0000E-10     -0.0382  1.4821E+02
   14.1917    4.0000   15.1114   15.1090    4.8801    1.5330    4.2168    3.8831  1.0000E-10     -0.0382  1.4821E+02
   14.2060    4.0000   15.1114   15.1084    4.8812    1.5330    4.2171    3.8991  1.0000E-10     -0.0382  1.4819E+02
   14.2202    4.0000   15.1114   15.1079    4.8822    1.5331    4.2173    3.9151  1.0000E-10     -0.0382  1.4814E+02
   14.2344    4.0000   15.1114   15.1073    4.8833    1.5332    4.2175    3.9312  1.0000E-10     -0.0382  1.4805E+02
   14.2487    4.0000   15.1114   15.1067    4.8844    1.5334    4.2177    3.9472  1.0000E-10     -0.0382  1.4792E+02
   14.2629    4.0000   15.1114   15.1061    4.8854    1.5337    4.2178    3.9632  1.0000E-10     -0.0382  1.4773E+02
   14.2771    4.0000   15.1114   15.1055    4.8865    1.5341    4.2179    3.9792  1.0000E-10     -0.0382  1.4749E+02
   14.2913    4.0000   15.1114   15.1049    4.8875    1.5345    4.2179    3.9952  1.0000E-10     -0.0382  1.4718E+02
   14.3056    4.0000   15.1114   15.1043    4.8886    1.5351    4.2179    4.0112  1.0000E-10     -0.0382  1.4680E+02
   14.3198    4.0000   15.1114   15.1037    4.8897    1.5359    4.2178    4.0272  1.0000E-10     -0.0382  1.4634E+02
   14.3340    4.0000   15.1114   15.1031    4.8907    1.5367    4.2176    4.0432  1.0000E-10     -0.0382  1.4580E+02
   14.3482    4.0000   15.1114   15.1025    4.8918    1.5378    4.2173    4.0592  1.0000E-10     -0.0382  1.4516E+02
   14.3625    4.0000   15.1114   15.1019    4.8928    1.5390    4.2170    4.0752  1.0000E-10     -0.0382  1.4442E+02
   14.3767    4.0000   15.1114   15.1013    4.8939    1.5403    4.2166    4.0912  1.0000E-10     -0.0382  1.4359E+02
   14.3909    4.0000   15.1114   15.1006    4.8949    1.5419    4.2160    4.1072  1.0000E-10     -0.0382  1.4264E+02
   14.4052    4.0000   15.1114   15.1000    4.8960    1.5437    4.2154    4.1232  1.0000E-10     -0.0382  1.4158E+02
   14.4194    4.0000   15.1114   15.0994    4.8971    1.5457    4.2147    4.1393  1.0000E-10     -0.0382  1.4040E+02
   14.4336    4.0000   15.1114   15.0988    4.8981    1.5479    4.2139    4.1553  1.0000E-10     -0.0382  1.3910E+02
   14.4478    4.0000   15.1114   15.0981    4.8992    1.5504    4.2129    4.1713  1.0000E-10     -0.0382  1.3767E+02
   14.4621    4.0000   15.1114   15.0975    4.9002    1.5531    4.2118    4.1873  1.0000E-10     -0.0382  1.3612E+02
   14.4763    4.0000   15.1114   15.0969    4.9013    1.5560    4.2106    4.2033  1.0000E-10     -0.0382  1.3443E+02
   14.4905    4.0000   15.1114   15.0962    4.9023    1.5593    4.2092    4.2193  1.0000E-10     -0.0382  1.3261E+02
   14.5047    4.0000   15.1114   15.0955    4.9034    1.5628    4.2077    4.2353  1.0000E-10     -0.0382  1.3066E+02
   14.5190    4.0000   15.1114   15.0949    4.9045    1.5667    4.2061    4.2513  1.0000E-10     -0.0382  1.2857E+02
   14.5332    4.0000   15.1114   15.0942    4.9055    1.5708    4.2042    4.2673  1.0000E-10     -0.0382  1.2635E+02
   14.5474    4.0000   15.1114   15.0935    4.9066    1.5753    4.2023    4.2833  1.0000E-10     -0.0382  1.2400E+02
   14.5617    4.0000   15.1114   15.0929    4.9076    1.5801    4.2001    4.2993  1.0000E-10     -0.0382  1.2152E+02
   14.5759    4.0000   15.1114   15.0922    4.9087    1.5852    4.1978    4.3153  1.0000E-10     -0.0382  1.1891E+02
   14.5901    4.0000   15.1114   15.0915    4.9098    1.5908    4.1953    4.3313  1.0000E-10     -0.0382  1.1618E+02
   14.6043    4.0000   15.1114   15.0908    4.9108    1.5967    4.1926    4.3474  1.0000E-10     -0.0382  1.1333E+02
   14.6186    4.0000   15.1114   15.0900    4.9119    1.6029    4.1898    4.3634  1.0000E-10     -0.0382  1.1037E+02
   14.6328    4.0000   15.1114   15.0893    4.9129    1.6096    4.1867    4.3794  1.0000E-10     -0.0382  1.0731E+02
   14.6470    4.0000   15.1114   15.0886    4.9140    1.6167    4.1834    4.3954  1.0000E-10     -0.0382  1.0414E+02
   14.6612    4.0000   15.1114   15.0878    4.9150    1.6242    4.1799    4.4114  1.0000E-10     -0.0382  1.0089E+02
   14.6755    4.0000   15.1114   15.0871    4.9161    1.6321    4.1762    4.4274  1.0000E-10     -0.0382  9.7552E+01
   14.6897    4.0000   15.1114   15.0863    4.9172    1.6405    4.1723    4.4434  1.0000E-10     -0.0382  9.4144E+01
   14.7039    4.0000   15.1114   15.0855    4.9182    1.6493    4.1682    4.4594  1.0000E-10     -0.0382  9.0673E+01
   14.7182    4.0000   15.1114   15.0847    4.9193    1.6586    4.1638    4.4754  1.0000E-10     -0.0382  8.7151E+01
   14.7324    4.0000   15.1114   15.0838    4.9203    1.6684    4.1592    4.4914  1.0000E-10     -0.0382  8.3588E+01
   14.7466    4.0000   15.1114   15.0830    4.9214    1.6786    4.1543    4.5074  1.0000E-10     -0.0382  7.9997E+01
   14.7608    4.0000   15.1114   15.0821    4.9224    1.6894    4.1492    4.5234  1.0000E-10     -0.0382  7.6388E+01
   14.7751    4.0000   15.1114   15.0813    4.9235    1.7007    4.1438    4.5394  1.0000E-10     -0.0382  7.2775E+01
   14.7893    4.0000   15.1114   15.0803    4.9246    1.7125    4.1381    4.5555  1.0000E-10     -0.0382  6.9168E+01
   14.8035    4.0000   15.1114   15.0794    4.9256    1.7249    4.1322    4.5715  1.0000E-10     -0.0382  6.5580E+01
   14.8177    4.0000   15.1114   15.0785    4.9267    1.7378    4.1260    4.5875  1.0000E-10     -0.0382  6.2024E+01
   14.8320    4.0000   15.1114   15.0775    4.9277    1.7513    4.1196    4.6035  1.0000E-10     -0.0382  5.8510E+01
   14.8462    4.0000   15.1114   15.0765    4.9288    1.7653    4.1128    4.6195  1.0000E-10     -0.0382  5.5051E+01
   14.8604    4.0000   15.1114   15.0754    4.9298    1.7800    4.1058    4.6355  1.0000E-10     -0.0382  5.1657E+01
   14.8747    4.0000   15.1114   15.0744    4.9309    1.7952    4.0984    4.6515  1.0000E-10     -0.0382  4.8338E+01
   14.8889    4.0000   15.1114   15.0733    4.9320    1.8110    4.0907    4.6675  1.0000E-10     -0.0382  4.5105E+01
   14.9031    4.0000   15.1114   15.0721    4.9330    1.8275    4.0828    4.6835  1.0000E-10     -0.0382  4.1967E+01
   14.9173    4.0000   15.1114   15.0710    4.9341    1.8446    4.0745    4.6995  1.0000E-10     -0.0382  3.8932E+01
   14.9316    4.0000   15.1114   15.0697    4.9351    1.8624    4.0659    4.7155  1.0000E-10     -0.0382  3.6006E+01
   14.9458    4.0000   15.1114   15.0685    4.9362    1.8808    4.0569    4.7315  1.0000E-10     -0.0382  3.3198E+01
   14.9600    4.0000   15.1114   15.0672    4.9373    1.8999    4.0476    4.7475  1.0000E-10     -0.0382  3.0511E+01
   14.9742    4.0000   15.1114   15.0658    4.9383    1.9197    4.0380    4.7636  1.0000E-10     -0.0382  2.7951E+01
   14.9885    4.0000   15.1114   15.0644    4.9394    1.9402    4.0280    4.7796  1.0000E-10     -0.0382  2.5521E+01
   15.0027    4.0000   15.1114   15.0629    4.9404    1.9614    4.0177    4.7956  1.0000E-10     -0.0382  2.3223E+01
   15.0169    4.0000   15.1114   15.0614    4.9415    1.9833    4.0070    4.8116  1.0000E-10     -0.0382  2.1059E+01
   15.0312    4.0000   15.1114   15.0597    4.9425    2.0059    3.9960    4.8276  1.0000E-10     -0.0382  1.9029E+01
   15.0454    4.0000   15.1114   15.0581    4.9436    2.0293    3.9845    4.8436  1.0000E-10     -0.0382  1.7132E+01
   15.0596    4.0000   15.1114   15.0563    4.9447    2.0534    3.9727    4.8596  1.0000E-10     -0.0382  1.5367E+01
   15.0738    4.0000   15.1114   15.0544    4.9457    2.0783    3.9605    4.8756  1.0000E-10     -0.0382  1.3731E+01
   15.0881    4.0000   15.1114   15.0524    4.9468    2.1040    3.9480    4.8916  1.0000E-10     -0.0382  1.2220E+01
   15.1023    4.0000   15.1114   15.0503    4.9478    2.1305    3.9350    4.9076  1.0000E-10     -0.0382  1.0832E+01
   15.1165    4.0000   15.1114   15.0480    4.9489    2.1578    3.9216    4.9236  1.0000E-10     -0.0382  9.5612E+00
   15.1307    4.0000   15.1114   15.0456    4.9499    2.1859    3.9078    4.9396  1.0000E-10     -0.0382  8.4035E+00
   15.1450    4.0000   15.1114   15.0430    4.9510    2.2149    3.8936    4.9557  1.0000E-10     -0.0382  7.3535E+00
   15.1592    4.0000   15.1114   15.0402    4.9521    2.2446    3.8790    4.9717  1.0000E-10     -0.0382  6.4055E+00
   15.1734    4.0000   15.1114   15.0373    4.9531    2.2753    3.8639    4.9877  1.0000E-10     -0.0382  5.5537E+00
   15.1877    4.0000   15.1114   15.0341    4.9542    2.3068    3.8484    5.0037  1.0000E-10     -0.0382  4.7920E+00
   15.2019    4.0000   15.1114   15.0306    4.9552    2.3392    3.8325    5.0197  1.0000E-10     -0.0382  4.1141E+00
   15.2161    4.0000   15.1114   15.0269    4.9563    2.3724    3.8161    5.0357  1.0000E-10     -0.0382  3.5138E+00
   15.2303    4.0000   15.1114   15.0228    4.9574    2.4066    3.7993    5.0517  1.0000E-10     -0.0382  2.9850E+00
   15.2446    4.0000   15.1114   15.0185    4.9584    2.4417    3.7820    5.0677  1.0000E-10     -0.0382  2.5215E+00
   15.2588    4.0000   15.1114   15.0137    4.9595    2.4778    3.7643    5.0837  1.0000E-10     -0.0382  2.1176E+00
   15.2730    4.0000   15.1114   15.0085    4.9605    2.5147    3.7460    5.0997  1.0000E-10     -0.0382  1.7675E+00
   15.2872    4.0000   15.1114   15.0028    4.9616    2.5527    3.7273    5.1157  1.0000E-10     -0.0382  1.4658E+00
   15.3015    4.0000   15.1114   14.9966    4.9626    2.5916    3.7081    5.1317  1.0000E-10     -0.0382  1.2073E+00
   15.3157    4.0000   15.1114   14.9899    4.9637    2.6315    3.6885    5.1477  1.0000E-10     -0.0382  9.8720E-01
   15.3299    4.0000   15.1114   14.9824    4.9648    2.6724    3.6683    5.1638  1.0000E-10     -0.0382  8.0106E-01
   15.3439    4.0000   15.1114   14.9743    4.9658    2.7134    3.6480    5.1794  1.0000E-10     -0.0382  6.4745E-01
   15.3575    4.0000   15.1114   14.9656    4.9668    2.7546    3.6277    5.1948  1.0000E-10     -0.0382  5.2143E-01
   15.3709    4.0000   15.1114   14.9562    4.9678    2.7957    3.6074    5.2098  1.0000E-10     -0.0382  4.1831E-01
   15.3840    4.0000   15.1114   14.9461    4.9688    2.8369    3.5870    5.2245  1.0000E-10     -0.0382  3.3414E-01
   15.3968    4.0000   15.1114   14.9351    4.9697    2.8782    3.5666    5.2390  3.9335E-04     -0.0382  2.6106E-01
   15.4093    4.0000   15.1114   14.9232    4.9707    2.9195    3.5462    5.2531  4.8557E-02     -0.0382  1.5921E-01
   15.4217    4.0000   15.1114   14.9104    4.9716    2.9609    3.5257    5.2670  5.9088E-01     -0.0382  6.8303E-02
   15.4338    4.0000   15.1114   14.8965    4.9725    3.0023    3.5052    5.2806  3.3218E+00     -0.0382  2.6439E-02
   15.4480    4.0000   15.1114   14.8785    4.9735    3.0240    3.4946    5.2966  6.7643E+00     -0.0382  1.6455E-02
   15.4622    4.0000   15.1114   14.8595    4.9746    3.0251    3.4944    5.3126  6.7173E+00     -0.0382  1.6224E-02
   15.4764    4.0000   15.1114   14.8403    4.9756    3.0261    3.4941    5.3286  6.6703E+00     -0.0382  1.5996E-02
   15.4907    4.0000   15.1114   14.8211    4.9767    3.0272    3.4939    5.3446  6.6233E+00     -0.0382  1.5768E-02
   15.5049    4.0000   15.1114   14.8017    4.9778    3.0282    3.4936    5.3606  6.5763E+00     -0.0382  1.5542E-02
   15.5191    4.0000   15.1114   14.7822    4.9788    3.0293    3.4933    5.3766  6.5293E+00     -0.0382  1.5318E-02
   15.5334    4.0000   15.1114   14.7626    4.9799    3.0303    3.4931    5.3926  6.4822E+00     -0.0382  1.5095E-02
   15.5476    4.0000   15.1114   14.7429    4.9809    3.0314    3.4928    5.4086  6.4352E+00     -0.0382  1.4874E-02
   15.5618    4.0000   15.1114   14.7230    4.9820    3.0324    3.4925    5.4247  6.3882E+00     -0.0382  1.4654E-02
   15.5718    5.0000   15.1114   14.7090    4.9827    3.0332    3.4924    5.4359  6.3551E+00     -0.0382  1.4501E-02
   15.5739    5.0000   15.1114   14.7060    4.9937    3.0421    3.4906    5.4359  6.3520E+00     -0.0382  1.3552E-02
   15.5761    5.0000   15.1114   14.7029    5.0047    3.0510    3.4889    5.4359  6.3487E+00     -0.0382  1.2640E-02
   15.5781    5.0000   15.1114   14.6997    5.0156    3.0600    3.4872    5.4359  6.3454E+00     -0.0382  1.1768E-02
   15.5801    5.0000   15.1114   14.6964    5.0266    3.0689    3.4855    5.4359  6.3420E+00     -0.0382  1.0938E-02
   15.5821    5.0000   15.1114   14.6930    5.0376    3.0778    3.4837    5.4359  6.3385E+00     -0.0382  1.0152E-02
   15.5841    5.0000   15.1114   14.6896    5.0485    3.0868    3.4820    5.4359  6.3349E+00     -0.0382  9.4121E-03
   15.5860    5.0000   15.1114   14.6860    5.0595    3.0957    3.4803    5.4359  6.3312E+00     -0.0382  8.7182E-03
   15.5879    5.0000   15.1114   14.6824    5.0705    3.1047    3.4785    5.4359  6.3274E+00     -0.0382  8.0702E-03
   15.5897    5.0000   15.1114   14.6786    5.0814    3.1137    3.4768    5.4359  6.3236E+00     -0.0382  7.4674E-03
   15.5915    5.0000   15.1114   14.6748    5.0924    3.1227    3.4750    5.4359  6.3196E+00     -0.0382  6.9084E-03
   15.5932    5.0000   15.1114   14.6709    5.1034    3.1316    3.4733    5.4359  6.3155E+00     -0.0382  6.3915E-03
   15.5950    5.0000   15.1114   14.6668    5.1143    3.1406    3.4715    5.4359  6.3113E+00     -0.0382  5.9149E-03
   15.5967    5.0000   15.1114   14.6627    5.1253    3.1496    3.4698    5.4359  6.3070E+00     -0.0382  5.4761E-03
   15.5983    5.0000   15.1114   14.6584    5.1363    3.1586    3.4680    5.4359  6.3026E+00     -0.0382  5.0730E-03
   15.5999    5.0000   15.1114   14.6541    5.1472    3.1676    3.4663    5.4359  6.2981E+00     -0.0382  4.7031E-03
   15.6015    5.0000   15.1114   14.6496    5.1582    3.1767    3.4645    5.4359  6.2935E+00     -0.0382  4.3639E-03
   15.6031    5.0000   15.1114   14.6450    5.1692    3.1857    3.4627    5.4359  6.2887E+00     -0.0382  4.0531E-03
   15.6046    5.0000   15.1114   14.6403    5.1802    3.1947    3.4609    5.4359  6.2838E+00     -0.0382  3.7684E-03
   15.6061    5.0000   15.1114   14.6354    5.1911    3.2038    3.4592    5.4359  6.2788E+00     -0.0382  3.5075E-03
   15.6076    5.0000   15.1114   14.6305    5.2021    3.2128    3.4574    5.4359  6.2737E+00     -0.0382  3.2685E-03
   15.6090    5.0000   15.1114   14.6254    5.2131    3.2219    3.4556    5.4359  6.2684E+00     -0.0382  3.0493E-03
   15.6104    5.0000   15.1114   14.6201    5.2240    3.2309    3.4538    5.4359  6.2630E+00     -0.0382  2.8482E-03
   15.6118    5.0000   15.1114   14.6147    5.2350    3.2400    3.4520    5.4359  6.2574E+00     -0.0382  2.6635E-03
   15.6131    5.0000   15.1114   14.6092    5.2460    3.2491    3.4502    5.4359  6.2517E+00     -0.0382  2.4938E-03
   15.6145    5.0000   15.1114   14.6035    5.2569    3.2581    3.4484    5.4359  6.2458E+00     -0.0382  2.3375E-03
   15.6158    5.0000   15.1114   14.5977    5.2679    3.2672    3.4466    5.4359  6.2398E+00     -0.0382  2.1936E-03
   15.6170    5.0000   15.1114   14.5917    5.2789    3.2763    3.4448    5.4359  6.2337E+00     -0.0382  2.0608E-03
   15.6183    5.0000   15.1114   14.5856    5.2898    3.2854    3.4430    5.4359  6.2273E+00     -0.0382  1.9380E-03
   15.6195    5.0000   15.1114   14.5793    5.3008    3.2945    3.4412    5.4359  6.2208E+00     -0.0382  1.8245E-03
   15.6207    5.0000   15.1114   14.5728    5.3118    3.3036    3.4394    5.4359  6.2142E+00     -0.0382  1.7193E-03
   15.6208    5.0000   15.1114   14.5724    5.3125    3.3042    3.4393    5.4359  6.2137E+00     -0.0382  1.7128E-03
   15.6208   13.0000   15.1114    2.2422    0.5360   -4.8539    6.3242    2.2422  1.0000E-10     15.6208  2.0000E+08
   15.7208   13.0000   15.1114    2.2422    0.5360   -4.8539    6.3242    2.2422  1.0000E-10     15.6208  2.0000E+08
   16.7208   13.0000   15.1114    2.2422   -1.5468   -4.8539    5.8035    2.2422  1.0000E-10     15.6208  2.0000E+08
   26.7208   13.0000   15.1114    2.2422   -3.5547   -4.8539    5.3015    2.2422  1.0000E-10     15.6208  2.0000E+08
  126.7208   13.0000   15.1114    2.2422   -5.5555   -4.8539    4.8013    2.2422  1.0000E-10     15.6208  2.0000E+08
  626.7208   13.0000   15.1114    2.2422   -7.0362   -4.8539    4.4311    2.2422  1.0000E-10     15.6208  2.0000E+08
 1126.7208   13.0000   15.1114    2.2422   -7.5555   -4.8539    4.3013    2.2422  1.0000E-10     15.6208  2.0000E+08
 1626.7208   13.0000   15.1114    2.2422   -7.8783   -4.8539    4.2206    2.2422  1.0000E-10     15.6208  2.0000E+08
 2126.7207   13.0000   15.1114    2.2422   -8.1130   -4.8539    4.1619    2.2422  1.0000E-10     15.6208  2.0000E+08
 2626.7207   13.0000   15.1114    2.2422   -8.2977   -4.8539    4.1158    2.2422  1.0000E-10     15.6208  2.0000E+08
 3126.7207   13.0000   15.1114    2.2422   -8.4499   -4.8539    4.0777    2.2422  1.0000E-10     15.6208  2.0000E+08
 3626.7207   13.0000   15.1114    2.2422   -8.5793   -4.8539    4.0454    2.2422  1.0000E-10     15.6208  2.0000E+08
 4126.7207   13.0000   15.1114    2.2422   -8.6919   -4.8539    4.0172    2.2422  1.0000E-10     15.6208  2.0000E+08
 4626.7207   13.0000   15.1114    2.2422   -8.7916   -4.8539    3.9923    2.2422  1.0000E-10     15.6208  2.0000E+08
 5126.7207   13.0000   15.1114    2.2422   -8.8811   -4.8539    3.9699    2.2422  1.0000E-10     15.6208  2.0000E+08
 5626.7207   13.0000   15.1114    2.2422   -8.9621   -4.8539    3.9497    2.2422  1.0000E-10     15.6208  2.0000E+08
 6126.7207   13.0000   15.1114    2.2422   -9.0363   -4.8539    3.9311    2.2422  1.0000E-10     15.6208  2.0000E+08
 6626.7207   13.0000   15.1114    2.2422   -9.1046   -4.8539    3.9141    2.2422  1.0000E-10     15.6208  2.0000E+08
 7000.0000   13.0000   15.1114    2.2422   -9.1523   -4.8539    3.9021    2.2422  1.0000E-10     15.6208  2.0000E+08
   -1.0000   13.0000   15.1114    2.2422   -9.1523   -4.8539    3.9021    2.2422  1.0000E-10     15.6208  2.0000E+08
