  -8.417 -8.060 -7.622 -7.209 -6.827 -6.438 -6.035 -5.634 -5.239 -4.844
  -4.448 -4.054 -3.660 -3.264 -2.871 -2.480 -2.087 -1.695 -1.307 -0.921
  -0.539 -0.154  0.231  0.614  0.996  1.376  1.755  2.132  2.507  2.880
   3.254  3.707  4.783  6.292  7.718  9.014 10.192 11.265 12.244 13.141
  13.965 14.724 15.429 16.088 16.711 17.305 17.873 18.417 18.940 19.446
  19.937 20.417 20.889 21.354 21.814 22.271 22.726 23.180 23.635 24.089
  -8.420 -8.073 -7.624 -7.209 -6.830 -6.443 -6.038 -5.636 -5.242 -4.847
  -4.451 -4.057 -3.662 -3.267 -2.873 -2.482 -2.089 -1.696 -1.309 -0.922
  -0.539 -0.154  0.231  0.615  0.997  1.377  1.755  2.132  2.507  2.881
   3.254  3.672  4.583  6.044  7.467  8.763  9.941 11.013 11.993 12.890
  13.714 14.474 15.178 15.837 16.460 17.055 17.623 18.167 18.690 19.196
  19.687 20.167 20.639 21.103 21.564 22.021 22.476 22.930 23.384 23.839
  -8.422 -8.088 -7.627 -7.207 -6.832 -6.447 -6.041 -5.638 -5.244 -4.849
  -4.453 -4.059 -3.665 -3.269 -2.875 -2.484 -2.090 -1.698 -1.310 -0.924
  -0.539 -0.154  0.231  0.615  0.997  1.378  1.756  2.133  2.508  2.882
   3.254  3.651  4.411  5.800  7.216  8.511  9.689 10.762 11.742 12.639
  13.463 14.223 14.927 15.586 16.210 16.804 17.372 17.916 18.440 18.945
  19.437 19.917 20.388 20.853 21.313 21.770 22.226 22.680 23.134 23.589
  -8.425 -8.106 -7.629 -7.204 -6.834 -6.451 -6.043 -5.639 -5.246 -4.852
  -4.456 -4.062 -3.667 -3.271 -2.878 -2.486 -2.092 -1.699 -1.312 -0.926
  -0.539 -0.155  0.232  0.616  0.998  1.378  1.757  2.134  2.509  2.882
   3.254  3.639  4.273  5.560  6.965  8.260  9.438 10.511 11.491 12.388
  13.212 13.972 14.676 15.336 15.959 16.553 17.121 17.666 18.189 18.695
  19.186 19.666 20.138 20.603 21.063 21.520 21.975 22.430 22.884 23.339
  -8.428 -8.128 -7.630 -7.200 -6.835 -6.455 -6.044 -5.640 -5.247 -4.854
  -4.457 -4.064 -3.670 -3.273 -2.880 -2.488 -2.094 -1.700 -1.313 -0.928
  -0.539 -0.155  0.232  0.617  0.999  1.379  1.758  2.135  2.510  2.883
   3.255  3.633  4.171  5.329  6.715  8.008  9.186 10.259 11.239 12.136
  12.961 13.721 14.425 15.085 15.708 16.302 16.871 17.415 17.938 18.444
  18.936 19.416 19.888 20.353 20.813 21.270 21.725 22.180 22.634 23.089
  -8.431 -8.154 -7.632 -7.195 -6.837 -6.459 -6.045 -5.639 -5.248 -4.855
  -4.459 -4.066 -3.672 -3.275 -2.882 -2.491 -2.096 -1.701 -1.315 -0.931
  -0.539 -0.155  0.232  0.618  1.000  1.380  1.759  2.136  2.511  2.884
   3.255  3.630  4.101  5.112  6.466  7.756  8.934 10.007 10.987 11.885
  12.709 13.469 14.174 14.833 15.457 16.051 16.620 17.164 17.688 18.194
  18.685 19.166 19.637 20.102 20.562 21.020 21.475 21.929 22.384 22.838
  -8.435 -8.186 -7.635 -7.190 -6.838 -6.463 -6.045 -5.638 -5.248 -4.856
  -4.459 -4.067 -3.673 -3.276 -2.883 -2.493 -2.097 -1.702 -1.317 -0.933
  -0.539 -0.156  0.233  0.619  1.001  1.381  1.761  2.138  2.513  2.885
   3.256  3.628  4.057  4.917  6.220  7.505  8.682  9.755 10.735 11.633
  12.457 13.218 13.923 14.582 15.206 15.800 16.369 16.913 17.437 17.943
  18.435 18.915 19.387 19.852 20.312 20.769 21.225 21.679 22.133 22.588
  -8.443 -8.223 -7.639 -7.186 -6.840 -6.468 -6.046 -5.637 -5.247 -4.856
  -4.459 -4.067 -3.674 -3.277 -2.884 -2.495 -2.099 -1.703 -1.318 -0.936
  -0.538 -0.156  0.233  0.620  1.002  1.382  1.762  2.139  2.514  2.887
   3.258  3.628  4.031  4.751  5.979  7.254  8.430  9.503 10.483 11.381
  12.206 12.966 13.671 14.331 14.954 15.549 16.118 16.662 17.186 17.692
  18.184 18.664 19.136 19.601 20.061 20.519 20.974 21.429 21.883 22.338
  -8.455 -8.269 -7.647 -7.186 -6.844 -6.474 -6.047 -5.636 -5.242 -4.854
  -4.458 -4.067 -3.674 -3.277 -2.885 -2.496 -2.100 -1.703 -1.320 -0.939
  -0.538 -0.157  0.233  0.620  1.002  1.383  1.763  2.141  2.516  2.888
   3.259  3.628  4.016  4.620  5.746  7.004  8.178  9.251 10.231 11.129
  11.954 12.714 13.419 14.079 14.703 15.298 15.866 16.411 16.935 17.441
  17.933 18.413 18.885 19.350 19.811 20.268 20.724 21.178 21.633 22.088
  -8.265 -8.325 -7.662 -7.191 -6.854 -6.485 -6.052 -5.638 -5.231 -4.849
  -4.455 -4.066 -3.674 -3.277 -2.885 -2.498 -2.101 -1.703 -1.321 -0.942
  -0.538 -0.158  0.233  0.621  1.003  1.384  1.764  2.142  2.517  2.889
   3.260  3.629  4.008  4.525  5.526  6.757  7.927  8.999  9.979 10.877
  11.701 12.462 13.167 13.827 14.451 15.046 15.615 16.160 16.683 17.190
  17.682 18.162 18.634 19.099 19.560 20.017 20.473 20.928 21.382 21.837
  -7.771 -7.746 -7.541 -7.207 -6.873 -6.503 -6.063 -5.646 -5.203 -4.835
  -4.448 -4.063 -3.673 -3.276 -2.886 -2.499 -2.102 -1.703 -1.323 -0.946
  -0.539 -0.160  0.233  0.621  1.003  1.384  1.765  2.143  2.518  2.891
   3.261  3.630  4.004  4.462  5.326  6.513  7.677  8.747  9.727 10.625
  11.449 12.210 12.915 13.575 14.199 14.794 15.363 15.908 16.432 16.938
  17.430 17.911 18.383 18.848 19.309 19.767 20.222 20.677 21.132 21.587
  -7.313 -7.181 -7.034 -6.893 -6.790 -6.533 -6.085 -5.663 -5.136 -4.797
  -4.428 -4.054 -3.670 -3.276 -2.887 -2.502 -2.104 -1.704 -1.326 -0.950
  -0.540 -0.163  0.231  0.621  1.003  1.384  1.765  2.144  2.519  2.892
   3.262  3.631  4.002  4.422  5.154  6.275  7.428  8.497  9.476 10.373
  11.197 11.957 12.663 13.323 13.947 14.542 15.111 15.656 16.180 16.687
  17.179 17.660 18.132 18.597 19.058 19.516 19.971 20.426 20.881 21.336
  -6.920 -6.718 -6.540 -6.393 -6.289 -6.192 -6.013 -5.695 -4.999 -4.706
  -4.376 -4.027 -3.659 -3.273 -2.889 -2.506 -2.108 -1.707 -1.330 -0.956
  -0.543 -0.167  0.228  0.619  1.001  1.382  1.765  2.144  2.519  2.892
   3.263  3.631  4.001  4.398  5.016  6.047  7.181  8.247  9.225 10.121
  10.945 11.705 12.411 13.071 13.695 14.290 14.859 15.404 15.928 16.435
  16.927 17.408 17.880 18.346 18.807 19.265 19.720 20.175 20.630 21.085
  -6.559 -6.320 -6.106 -5.923 -5.775 -5.652 -5.534 -5.401 -4.774 -4.530
  -4.255 -3.953 -3.621 -3.258 -2.887 -2.510 -2.114 -1.713 -1.337 -0.965
  -0.549 -0.175  0.223  0.615  0.997  1.378  1.762  2.143  2.519  2.892
   3.262  3.631  4.000  4.384  4.914  5.834  6.938  7.998  8.975  9.871
  10.694 11.454 12.159 12.818 13.443 14.038 14.607 15.152 15.676 16.183
  16.675 17.156 17.629 18.094 18.555 19.013 19.469 19.924 20.379 20.834
  -6.174 -5.942 -5.714 -5.503 -5.317 -5.155 -5.014 -4.889 -4.476 -4.262
  -4.035 -3.791 -3.516 -3.202 -2.864 -2.507 -2.120 -1.722 -1.348 -0.978
  -0.560 -0.186  0.214  0.608  0.990  1.372  1.757  2.139  2.516  2.890
   3.261  3.630  3.999  4.376  4.843  5.644  6.701  7.752  8.726  9.621
  10.444 11.203 11.907 12.567 13.191 13.786 14.355 14.900 15.424 15.931
  16.423 16.904 17.377 17.843 18.304 18.762 19.218 19.673 20.128 20.583
  -5.745 -5.548 -5.332 -5.114 -4.906 -4.715 -4.542 -4.389 -4.131 -3.929
  -3.727 -3.522 -3.303 -3.056 -2.778 -2.467 -2.111 -1.729 -1.363 -0.997
  -0.578 -0.205  0.199  0.595  0.978  1.362  1.749  2.132  2.510  2.885
   3.258  3.627  3.997  4.370  4.797  5.481  6.473  7.508  8.479  9.372
  10.194 10.953 11.657 12.316 12.939 13.534 14.103 14.648 15.172 15.679
  16.171 16.652 17.125 17.591 18.052 18.510 18.966 19.421 19.877 20.332
  -5.328 -5.144 -4.947 -4.737 -4.524 -4.317 -4.121 -3.941 -3.761 -3.562
  -3.367 -3.176 -2.985 -2.787 -2.574 -2.333 -2.044 -1.709 -1.368 -1.016
  -0.603 -0.231  0.175  0.575  0.959  1.346  1.735  2.121  2.501  2.877
   3.251  3.622  3.993  4.365  4.767  5.350  6.256  7.268  8.233  9.125
   9.946 10.704 11.407 12.065 12.688 13.282 13.851 14.396 14.920 15.426
  15.919 16.400 16.873 17.339 17.800 18.258 18.714 19.170 19.625 20.081
  -4.990 -4.784 -4.580 -4.373 -4.161 -3.947 -3.738 -3.538 -3.378 -3.180
  -2.984 -2.794 -2.609 -2.428 -2.248 -2.062 -1.850 -1.598 -1.320 -1.010
  -0.625 -0.263  0.143  0.545  0.931  1.324  1.715  2.104  2.486  2.865
   3.241  3.614  3.986  4.358  4.746  5.252  6.055  7.031  7.988  8.879
   9.699 10.456 11.159 11.816 12.438 13.032 13.600 14.144 14.668 15.175
  15.667 16.148 16.621 17.087 17.548 18.006 18.463 18.918 19.373 19.829
  -4.775 -4.519 -4.280 -4.052 -3.828 -3.606 -3.387 -3.172 -2.997 -2.798
  -2.599 -2.405 -2.216 -2.033 -1.858 -1.688 -1.517 -1.334 -1.134 -0.906
  -0.598 -0.277  0.108  0.504  0.889  1.297  1.689  2.079  2.464  2.845
   3.224  3.600  3.974  4.348  4.729  5.181  5.878  6.799  7.744  8.632
   9.452 10.209 10.911 11.568 12.189 12.782 13.350 13.894 14.417 14.923
  15.415 15.896 16.368 16.834 17.296 17.754 18.210 18.666 19.121 19.577
  -4.717 -4.389 -4.091 -3.817 -3.560 -3.315 -3.077 -2.847 -2.643 -2.435
  -2.228 -2.026 -1.828 -1.637 -1.455 -1.280 -1.114 -0.952 -0.793 -0.628
  -0.426 -0.193  0.118  0.473  0.840  1.277  1.661  2.049  2.433  2.817
   3.199  3.578  3.956  4.333  4.711  5.129  5.727  6.574  7.499  8.383
   9.204  9.961 10.663 11.320 11.941 12.534 13.101 13.644 14.167 14.672
  15.164 15.644 16.117 16.582 17.044 17.502 17.958 18.414 18.869 19.325
  -4.848 -4.429 -4.051 -3.709 -3.397 -3.107 -2.835 -2.577 -2.342 -2.114
  -1.891 -1.675 -1.464 -1.261 -1.065 -0.879 -0.702 -0.535 -0.377 -0.227
  -0.075  0.082  0.280  0.532  0.828  1.300  1.653  2.024  2.400  2.782
   3.165  3.548  3.929  4.310  4.689  5.087  5.606  6.361  7.251  8.131
   8.952  9.710 10.415 11.072 11.694 12.286 12.852 13.395 13.917 14.422
  14.913 15.393 15.865 16.331 16.792 17.250 17.706 18.162 18.617 19.073
  -5.207 -4.676 -4.198 -3.767 -3.377 -3.022 -2.695 -2.393 -2.121 -1.861
  -1.612 -1.372 -1.142 -0.920 -0.708 -0.505 -0.312 -0.130  0.042  0.202
   0.353  0.495  0.638  0.794  0.978  1.435  1.722  2.043  2.387  2.751
   3.127  3.508  3.892  4.277  4.658  5.047  5.509  6.166  7.003  7.871
   8.693  9.453 10.162 10.822 11.445 12.038 12.605 13.147 13.669 14.173
  14.664 15.143 15.614 16.080 16.540 16.998 17.454 17.910 18.365 18.821
  -5.840 -5.174 -4.573 -4.032 -3.543 -3.101 -2.699 -2.331 -2.010 -1.705
  -1.416 -1.142 -0.881 -0.634 -0.399 -0.175  0.038  0.240  0.430  0.609
   0.776  0.931  1.076  1.212  1.343  1.710  1.931  2.179  2.457  2.769
   3.111  3.473  3.849  4.233  4.615  5.001  5.429  5.994  6.755  7.601
   8.423  9.186  9.902 10.566 11.192 11.788 12.356 12.899 13.421 13.925
  14.415 14.894 15.365 15.829 16.289 16.747 17.202 17.658 18.113 18.569
  -6.799 -5.971 -5.223 -4.547 -3.937 -3.386 -2.886 -2.433 -2.040 -1.675
  -1.333 -1.011 -0.709 -0.425 -0.158  0.094  0.332  0.558  0.771  0.972
   1.161  1.337  1.501  1.652  1.790  2.063  2.255  2.455  2.670  2.910
   3.183  3.489  3.828  4.192  4.565  4.945  5.354  5.847  6.515  7.319
   8.137  8.902  9.629 10.301 10.932 11.532 12.104 12.649 13.173 13.677
  14.167 14.646 15.116 15.580 16.039 16.496 16.951 17.406 17.861 18.317
  -8.145 -7.123 -6.198 -5.361 -4.605 -3.920 -3.301 -2.739 -2.245 -1.804
  -1.392 -1.007 -0.649 -0.317 -0.007  0.283  0.554  0.809  1.050  1.277
   1.490  1.691  1.879  2.054  2.215  2.427  2.616  2.804  2.994  3.190
   3.401  3.635  3.901  4.205  4.538  4.894  5.281  5.723  6.292  7.029
   7.832  8.593  9.337 10.019 10.659 11.267 11.845 12.395 12.922 13.428
  13.919 14.398 14.868 15.331 15.790 16.247 16.701 17.156 17.610 18.065
  -9.945 -8.691 -7.555 -6.525 -5.593 -4.749 -3.984 -3.292 -2.658 -2.124
  -1.624 -1.160 -0.731 -0.334  0.031  0.369  0.683  0.976  1.250  1.508
   1.751  1.979  2.194  2.396  2.583  2.766  2.963  3.155  3.344  3.531
   3.720  3.913  4.120  4.350  4.609  4.903  5.240  5.626  6.100  6.740
   7.505  8.249  9.018  9.715 10.365 10.985 11.574 12.132 12.664 13.175
  13.669 14.149 14.620 15.084 15.542 15.998 16.452 16.906 17.360 17.814
 -12.279-10.747 -9.357 -8.098 -6.956 -5.921 -4.983 -4.133 -3.320 -2.669
  -2.060 -1.496 -0.977 -0.501 -0.065  0.335  0.703  1.043  1.359  1.654
   1.930  2.190  2.435  2.665  2.882  3.060  3.270  3.474  3.671  3.864
   4.053  4.240  4.427  4.620  4.823  5.045  5.303  5.607  5.977  6.484
   7.165  7.861  8.662  9.377 10.042 10.678 11.283 11.854 12.396 12.914
  13.413 13.897 14.370 14.835 15.294 15.750 16.204 16.657 17.110 17.564
 -15.244-13.379-11.686-10.150 -8.757 -7.494 -6.348 -5.309 -4.281 -3.482
  -2.733 -2.043 -1.412 -0.837 -0.314  0.162  0.598  0.996  1.363  1.703
   2.019  2.315  2.593  2.855  3.102  3.298  3.525  3.743  3.954  4.158
   4.356  4.549  4.739  4.926  5.112  5.302  5.505  5.731  5.994  6.341
   6.860  7.429  8.264  8.998  9.677 10.336 10.963 11.553 12.110 12.640
  13.148 13.639 14.116 14.584 15.045 15.502 15.956 16.409 16.862 17.315
 -18.965-16.697-14.639-12.771-11.076 -9.538 -8.142 -6.877 -5.633 -4.628
  -3.691 -2.838 -2.065 -1.368 -0.737 -0.167  0.351  0.822  1.252  1.647
   2.011  2.350  2.665  2.962  3.241  3.472  3.720  3.957  4.184  4.402
   4.613  4.817  5.016  5.209  5.399  5.585  5.772  5.965  6.168  6.401
   6.721  7.042  7.841  8.574  9.258  9.943 10.601 11.218 11.797 12.344
  12.866 13.368 13.853 14.327 14.792 15.251 15.707 16.161 16.614 17.067
 -23.593-20.840-18.340-16.071-14.011-12.142-10.446 -8.908 -7.762 -6.269
  -5.015 -3.930 -2.973 -2.122 -1.360 -0.675 -0.056  0.503  1.011  1.474
   1.898  2.288  2.648  2.984  3.299  3.576  3.852  4.112  4.359  4.594
   4.820  5.038  5.248  5.452  5.650  5.844  6.034  6.222  6.410  6.603
   6.819  6.979  7.508  8.141  8.786  9.488 10.184 10.836 11.444 12.017
  12.560 13.077 13.575 14.059 14.531 14.996 15.455 15.911 16.365 16.819
 -29.315-25.975-22.941-20.187-17.687-15.418-13.360-11.493-28.253-26.362
  -6.934 -5.399 -4.186 -3.141 -2.216 -1.391 -0.651  0.017  0.620  1.167
   1.665  2.119  2.535  2.919  3.276  3.605  3.915  4.205  4.477  4.734
   4.979  5.212  5.437  5.653  5.863  6.067  6.265  6.459  6.649  6.838
   7.028  7.187  7.467  7.857  8.329  8.980  9.702 10.392 11.039 11.645
  12.216 12.757 13.274 13.773 14.257 14.730 15.196 15.656 16.114 16.569
 -36.360-32.309-28.629-25.289-22.256-19.504-17.007-14.741-33.587-31.368
 -29.183 -7.432 -5.774 -4.473 -3.350 -2.355 -1.467 -0.669  0.051  0.701
   1.289  1.823  2.310  2.755  3.164  3.551  3.905  4.232  4.537  4.821
   5.089  5.343  5.584  5.816  6.038  6.254  6.463  6.666  6.864  7.058
   7.249  7.426  7.632  7.870  8.126  8.543  9.185  9.885 10.567 11.214
  11.823 12.396 12.939 13.459 13.960 14.447 14.924 15.392 15.856 16.316
 -45.006-40.094-35.632-31.581-27.904-24.566-21.538-18.791-40.036-37.418
 -34.845-32.367 -7.841 -6.185 -4.815 -3.617 -2.550 -1.595 -0.735  0.040
   0.741  1.374  1.949  2.472  2.948  3.401  3.810  4.185  4.530  4.850
   5.148  5.427  5.691  5.941  6.180  6.409  6.630  6.844  7.051  7.254
   7.451  7.642  7.837  8.036  8.229  8.454  8.823  9.376 10.035 10.713
  11.364 11.977 12.556 13.105 13.631 14.138 14.631 15.113 15.586 16.053
 -55.590-49.635-44.226-39.315-34.857-30.811-27.140-23.810-47.832-44.731
 -41.690-38.758-10.646 -8.356 -6.681 -5.236 -3.957 -2.812 -1.784 -0.857
  -0.020  0.736  1.420  2.039  2.601  3.139  3.615  4.049  4.446  4.811
   5.148  5.461  5.752  6.027  6.286  6.532  6.768  6.995  7.214  7.426
   7.633  7.833  8.031  8.227  8.417  8.607  8.826  9.119  9.562 10.170
  10.837 11.490 12.110 12.698 13.257 13.792 14.308 14.808 15.296 15.776
 -68.521-61.303-54.747-48.794-43.390-38.485-34.036-30.000-57.260-53.574
 -49.965-46.485-43.141-11.089 -9.031 -7.291 -5.756 -4.385 -3.152 -2.042
  -1.041 -0.136  0.681  1.420  2.090  2.740  3.299  3.807  4.268  4.690
   5.076  5.431  5.760  6.066  6.351  6.621  6.876  7.119  7.352  7.576
   7.793  8.004  8.209  8.410  8.606  8.799  8.993  9.197  9.434  9.783
  10.310 10.943 11.593 12.222 12.822 13.393 13.940 14.468 14.978 15.475
 -84.295-75.547-67.601-60.386-53.836-47.892-42.499-37.608-68.665-64.271
 -59.973-55.829-51.848-14.517-11.967 -9.873 -8.032 -6.388 -4.911 -3.580
  -2.379 -1.295 -0.315  0.571  1.372  2.178  2.838  3.435  3.976  4.468
   4.916  5.325  5.701  6.047  6.368  6.666  6.946  7.211  7.462  7.702
   7.932  8.154  8.369  8.579  8.783  8.982  9.178  9.372  9.567  9.779
  10.056 10.475 11.045 11.680 12.315 12.927 13.514 14.077 14.616 15.139
 -99.999-92.911-83.282-74.538-66.600-59.397-52.862-46.934-82.465-77.212
 -72.081-67.132-62.379-18.836-15.612-13.094-10.886 -8.914 -7.143 -5.546
  -4.104 -2.802 -1.626 -0.563  0.399  1.418  2.200  2.907  3.545  4.123
   4.647  5.124  5.558  5.956  6.321  6.658  6.971  7.264  7.538  7.798
   8.045  8.282  8.510  8.730  8.943  9.151  9.353  9.552  9.747  9.941
  10.142 10.372 10.693 11.166 11.759 12.390 13.017 13.620 14.198 14.753
 -99.999-99.999-99.999-91.790-82.172-73.443-65.524-58.341-99.167-92.874
 -86.732-80.809-75.121-24.723-20.118-17.092-14.443-12.077 -9.949 -8.031
  -6.299 -4.735 -3.320 -2.042 -0.886  0.421  1.351  2.189  2.945  3.627
   4.245  4.804  5.312  5.774  6.196  6.582  6.938  7.266  7.572  7.859
   8.128  8.383  8.627  8.861  9.086  9.303  9.515  9.721  9.923 10.120
  10.315 10.511 10.718 10.972 11.335 11.848 12.460 13.092 13.708 14.303
 -99.999-99.999-99.999-99.999-99.999-90.567-80.971-72.268-99.999-99.999
 -99.999-97.360-90.539-84.011-25.665-22.030-18.852-16.010-13.454-11.148
  -9.065 -7.182 -5.481 -3.942 -2.551 -0.863  0.245  1.242  2.140  2.950
   3.680  4.341  4.938  5.479  5.971  6.419  6.829  7.204  7.551  7.872
   8.171  8.451  8.716  8.967  9.207  9.438  9.660  9.876 10.086 10.290
  10.491 10.687 10.882 11.081 11.297 11.574 11.986 12.537 13.153 13.780
 -99.999-99.999-99.999-99.999-99.999-99.999-99.793-89.248-99.999-99.999
 -99.999-99.999-99.999-99.999-32.475-28.110-24.293-20.878-17.803-15.029
 -12.521-10.255 -8.206 -6.352 -4.676 -2.496 -1.170  0.020  1.090  2.052
   2.920  3.702  4.408  5.047  5.625  6.149  6.625  7.060  7.458  7.823
   8.161  8.474  8.766  9.041  9.301  9.549  9.786 10.013 10.234 10.448
  10.656 10.859 11.058 11.254 11.449 11.650 11.881 12.194 12.642 13.214
 -99.999-99.999-99.999-99.999-99.999-99.999-99.999-99.999-99.999-99.999
 -99.999-99.999-99.999-99.999-40.815-35.574-30.988-26.879-23.178-19.836
 -16.816-14.085-11.615 -9.381 -7.360 -4.552 -2.962 -1.538 -0.259  0.889
   1.922  2.852  3.690  4.446  5.128  5.746  6.305  6.813  7.275  7.697
   8.083  8.439  8.768  9.074  9.360  9.630  9.885 10.129 10.363 10.588
  10.806 11.018 11.225 11.426 11.624 11.820 12.016 12.224 12.469 12.810
 -10.094 -9.869 -9.644 -9.419 -9.194 -8.970 -8.745 -8.520 -8.295 -8.070
  -7.845 -7.620 -7.395 -7.170 -6.945 -6.721 -6.496 -6.271 -6.046 -5.822
  -5.597 -5.373 -5.148 -4.924 -4.699 -4.472 -4.244 -4.010 -3.766 -3.502
  -3.203 -2.853 -2.442 -1.977 -1.475 -0.951 -0.415  0.126  0.668  1.209
   1.747  2.282  2.811  3.333  3.845  4.345  4.832  5.302  5.755  6.191
   6.611  7.015  7.405  7.784  8.151  8.510  8.860  9.202  9.538  9.869
  -9.844 -9.619 -9.394 -9.169 -8.945 -8.720 -8.495 -8.270 -8.045 -7.820
  -7.595 -7.370 -7.145 -6.920 -6.695 -6.471 -6.246 -6.021 -5.796 -5.572
  -5.347 -5.123 -4.899 -4.674 -4.449 -4.224 -3.998 -3.769 -3.534 -3.286
  -3.016 -2.706 -2.342 -1.918 -1.443 -0.934 -0.407  0.130  0.669  1.210
   1.748  2.282  2.811  3.333  3.845  4.345  4.832  5.302  5.755  6.191
   6.611  7.015  7.405  7.784  8.151  8.510  8.860  9.202  9.538  9.869
  -9.595 -9.370 -9.145 -8.920 -8.695 -8.470 -8.245 -8.020 -7.795 -7.570
  -7.345 -7.120 -6.895 -6.670 -6.445 -6.221 -5.996 -5.771 -5.547 -5.322
  -5.097 -4.873 -4.649 -4.424 -4.200 -3.975 -3.750 -3.524 -3.294 -3.057
  -2.805 -2.527 -2.206 -1.828 -1.391 -0.907 -0.393  0.136  0.673  1.211
   1.748  2.283  2.811  3.333  3.845  4.345  4.832  5.302  5.755  6.191
   6.611  7.015  7.405  7.784  8.151  8.510  8.860  9.202  9.538  9.869
  -9.345 -9.120 -8.895 -8.670 -8.445 -8.220 -7.995 -7.770 -7.545 -7.320
  -7.095 -6.870 -6.645 -6.420 -6.195 -5.971 -5.746 -5.521 -5.297 -5.072
  -4.847 -4.623 -4.399 -4.174 -3.950 -3.726 -3.502 -3.276 -3.049 -2.818
  -2.579 -2.323 -2.037 -1.704 -1.311 -0.862 -0.370  0.148  0.678  1.214
   1.750  2.283  2.812  3.333  3.845  4.345  4.832  5.302  5.755  6.191
   6.611  7.015  7.405  7.784  8.151  8.510  8.860  9.202  9.538  9.869
  -9.095 -8.870 -8.645 -8.420 -8.195 -7.970 -7.745 -7.520 -7.295 -7.070
  -6.845 -6.620 -6.395 -6.170 -5.945 -5.721 -5.496 -5.271 -5.047 -4.822
  -4.597 -4.373 -4.149 -3.925 -3.700 -3.476 -3.252 -3.028 -2.803 -2.575
  -2.343 -2.101 -1.840 -1.544 -1.198 -0.792 -0.331  0.167  0.688  1.218
   1.752  2.284  2.812  3.333  3.845  4.346  4.832  5.302  5.755  6.191
   6.611  7.015  7.405  7.784  8.151  8.510  8.860  9.202  9.538  9.869
  -8.846 -8.621 -8.395 -8.170 -7.945 -7.720 -7.495 -7.270 -7.045 -6.820
  -6.595 -6.370 -6.145 -5.920 -5.696 -5.471 -5.246 -5.021 -4.797 -4.572
  -4.347 -4.123 -3.899 -3.675 -3.451 -3.227 -3.003 -2.779 -2.555 -2.329
  -2.101 -1.868 -1.623 -1.355 -1.050 -0.690 -0.270  0.200  0.704  1.226
   1.756  2.286  2.813  3.334  3.846  4.346  4.832  5.302  5.755  6.191
   6.611  7.015  7.405  7.784  8.151  8.510  8.860  9.202  9.538  9.869
  -8.597 -8.372 -8.146 -7.921 -7.696 -7.471 -7.245 -7.020 -6.795 -6.570
  -6.345 -6.120 -5.895 -5.670 -5.446 -5.221 -4.996 -4.771 -4.547 -4.322
  -4.098 -3.873 -3.649 -3.425 -3.201 -2.977 -2.753 -2.529 -2.306 -2.081
  -1.856 -1.628 -1.392 -1.144 -0.869 -0.552 -0.179  0.254  0.733  1.240
   1.763  2.289  2.815  3.335  3.846  4.346  4.832  5.302  5.755  6.191
   6.611  7.015  7.405  7.784  8.151  8.510  8.860  9.202  9.538  9.869
  -8.349 -8.123 -7.898 -7.672 -7.447 -7.221 -6.996 -6.771 -6.546 -6.321
  -6.096 -5.871 -5.646 -5.421 -5.196 -4.971 -4.746 -4.521 -4.297 -4.072
  -3.848 -3.623 -3.399 -3.175 -2.951 -2.727 -2.503 -2.280 -2.056 -1.833
  -1.609 -1.383 -1.154 -0.917 -0.664 -0.381 -0.053  0.335  0.779  1.264
   1.774  2.295  2.817  3.336  3.847  4.346  4.832  5.302  5.755  6.191
   6.611  7.015  7.405  7.784  8.151  8.510  8.860  9.202  9.538  9.869
  -8.103 -7.876 -7.650 -7.424 -7.199 -6.973 -6.748 -6.522 -6.297 -6.072
  -5.846 -5.621 -5.396 -5.171 -4.946 -4.721 -4.496 -4.272 -4.047 -3.822
  -3.598 -3.373 -3.149 -2.925 -2.701 -2.477 -2.253 -2.030 -1.807 -1.583
  -1.360 -1.136 -0.911 -0.681 -0.441 -0.183  0.108  0.449  0.850  1.304
   1.795  2.305  2.822  3.338  3.848  4.347  4.832  5.302  5.755  6.191
   6.611  7.015  7.405  7.784  8.151  8.510  8.860  9.202  9.538  9.869
  -7.859 -7.632 -7.405 -7.178 -6.952 -6.726 -6.500 -6.274 -6.048 -5.823
  -5.597 -5.372 -5.147 -4.922 -4.697 -4.472 -4.247 -4.022 -3.797 -3.573
  -3.348 -3.123 -2.899 -2.675 -2.451 -2.227 -2.003 -1.780 -1.557 -1.334
  -1.111 -0.888 -0.664 -0.438 -0.207  0.035  0.298  0.599  0.953  1.366
   1.829  2.322  2.831  3.343  3.850  4.348  4.833  5.303  5.755  6.191
   6.611  7.015  7.405  7.784  8.151  8.510  8.860  9.202  9.538  9.869
  -7.621 -7.391 -7.163 -6.935 -6.708 -6.481 -6.254 -6.028 -5.801 -5.575
  -5.350 -5.124 -4.898 -4.673 -4.448 -4.223 -3.998 -3.773 -3.548 -3.323
  -3.098 -2.874 -2.649 -2.425 -2.201 -1.977 -1.753 -1.530 -1.307 -1.084
  -0.862 -0.639 -0.416 -0.193  0.033  0.266  0.511  0.781  1.093  1.459
   1.883  2.352  2.846  3.350  3.854  4.350  4.834  5.303  5.756  6.192
   6.611  7.015  7.406  7.784  8.151  8.510  8.860  9.202  9.538  9.869
  -7.390 -7.158 -6.927 -6.697 -6.468 -6.239 -6.011 -5.784 -5.557 -5.330
  -5.103 -4.877 -4.651 -4.425 -4.200 -3.974 -3.749 -3.524 -3.299 -3.074
  -2.849 -2.624 -2.400 -2.176 -1.951 -1.727 -1.504 -1.280 -1.057 -0.834
  -0.612 -0.390 -0.168  0.054  0.278  0.504  0.738  0.987  1.265  1.587
   1.966  2.399  2.871  3.363  3.860  4.353  4.835  5.304  5.756  6.192
   6.611  7.015  7.406  7.784  8.152  8.510  8.860  9.202  9.538  9.869
  -7.161 -6.936 -6.701 -6.467 -6.235 -6.004 -5.774 -5.544 -5.316 -5.087
  -4.860 -4.632 -4.406 -4.179 -3.953 -3.727 -3.501 -3.276 -3.050 -2.825
  -2.600 -2.375 -2.151 -1.926 -1.702 -1.478 -1.254 -1.031 -0.808 -0.585
  -0.362 -0.140  0.081  0.303  0.525  0.748  0.975  1.211  1.464  1.750
   2.083  2.473  2.913  3.385  3.871  4.359  4.839  5.306  5.757  6.192
   6.611  7.015  7.406  7.784  8.152  8.510  8.860  9.202  9.538  9.869
  -6.935 -6.691 -6.459 -6.236 -6.012 -5.779 -5.545 -5.313 -5.081 -4.851
  -4.621 -4.392 -4.164 -3.936 -3.709 -3.482 -3.255 -3.029 -2.803 -2.578
  -2.352 -2.127 -1.902 -1.677 -1.453 -1.229 -1.005 -0.781 -0.558 -0.335
  -0.113  0.109  0.331  0.552  0.773  0.994  1.217  1.445  1.683  1.941
   2.235  2.579  2.978  3.421  3.891  4.369  4.844  5.308  5.759  6.193
   6.612  7.016  7.406  7.784  8.152  8.510  8.860  9.202  9.538  9.869
  -6.849 -6.559 -6.282 -6.019 -5.770 -5.535 -5.309 -5.087 -4.858 -4.623
  -4.390 -4.158 -3.928 -3.698 -3.469 -3.240 -3.012 -2.785 -2.558 -2.332
  -2.106 -1.880 -1.655 -1.430 -1.205 -0.980 -0.756 -0.532 -0.309 -0.086
   0.137  0.359  0.580  0.801  1.022  1.242  1.463  1.686  1.914  2.154
   2.418  2.721  3.074  3.480  3.923  4.386  4.853  5.313  5.761  6.195
   6.613  7.016  7.406  7.784  8.152  8.510  8.860  9.202  9.538  9.869
  -6.863 -6.552 -6.242 -5.939 -5.646 -5.366 -5.099 -4.847 -4.609 -4.382
  -4.161 -3.936 -3.701 -3.468 -3.236 -3.005 -2.775 -2.546 -2.317 -2.090
  -1.862 -1.636 -1.409 -1.183 -0.958 -0.733 -0.508 -0.284 -0.061  0.163
   0.385  0.608  0.829  1.050  1.270  1.490  1.710  1.930  2.153  2.382
   2.626  2.895  3.206  3.567  3.976  4.416  4.869  5.322  5.766  6.198
   6.614  7.017  7.407  7.785  8.152  8.510  8.860  9.202  9.538  9.869
  -6.863 -6.559 -6.256 -5.951 -5.641 -5.331 -5.026 -4.731 -4.447 -4.178
  -3.922 -3.681 -3.453 -3.233 -3.013 -2.780 -2.546 -2.314 -2.083 -1.853
  -1.623 -1.395 -1.167 -0.940 -0.714 -0.488 -0.263 -0.038  0.187  0.410
   0.633  0.856  1.078  1.299  1.519  1.739  1.958  2.177  2.396  2.619
   2.849  3.096  3.371  3.689  4.055  4.463  4.896  5.337  5.775  6.202
   6.617  7.019  7.408  7.785  8.152  8.510  8.860  9.203  9.539  9.869
  -6.860 -6.557 -6.254 -5.950 -5.646 -5.342 -5.038 -4.729 -4.418 -4.113
  -3.815 -3.530 -3.257 -3.000 -2.756 -2.527 -2.307 -2.089 -1.859 -1.625
  -1.393 -1.161 -0.931 -0.702 -0.474 -0.246 -0.020  0.206  0.432  0.656
   0.880  1.103  1.325  1.547  1.767  1.987  2.206  2.424  2.642  2.861
   3.084  3.315  3.565  3.846  4.169  4.537  4.941  5.363  5.790  6.211
   6.622  7.022  7.410  7.787  8.153  8.511  8.860  9.203  9.539  9.869
  -6.861 -6.558 -6.255 -5.951 -5.648 -5.344 -5.040 -4.736 -4.431 -4.127
  -3.818 -3.508 -3.201 -2.902 -2.613 -2.338 -2.077 -1.831 -1.599 -1.379
  -1.163 -0.939 -0.705 -0.472 -0.241 -0.011  0.218  0.446  0.673  0.899
   1.124  1.348  1.571  1.793  2.014  2.234  2.453  2.671  2.888  3.106
   3.324  3.547  3.780  4.033  4.317  4.643  5.010  5.405  5.815  6.226
   6.631  7.027  7.413  7.789  8.155  8.512  8.861  9.203  9.539  9.869
  -6.864 -6.562 -6.258 -5.955 -5.652 -5.348 -5.044 -4.740 -4.436 -4.131
  -3.826 -3.521 -3.216 -2.909 -2.598 -2.290 -1.989 -1.698 -1.420 -1.156
  -0.907 -0.673 -0.451 -0.237 -0.019  0.214  0.447  0.678  0.908  1.136
   1.363  1.589  1.813  2.037  2.259  2.480  2.699  2.918  3.135  3.351
   3.567  3.785  4.008  4.242  4.498  4.785  5.110  5.471  5.856  6.251
   6.647  7.037  7.419  7.792  8.157  8.513  8.862  9.204  9.539  9.869
  -6.868 -6.565 -6.262 -5.959 -5.656 -5.352 -5.049 -4.745 -4.440 -4.136
  -3.831 -3.526 -3.221 -2.916 -2.611 -2.305 -1.998 -1.688 -1.378 -1.076
  -0.782 -0.502 -0.235  0.016  0.253  0.475  0.688  0.902  1.132  1.364
   1.594  1.823  2.050  2.275  2.499  2.722  2.943  3.162  3.380  3.596
   3.811  4.027  4.244  4.467  4.702  4.959  5.246  5.568  5.921  6.292
   6.672  7.053  7.429  7.799  8.161  8.516  8.864  9.205  9.540  9.870
  -6.871 -6.568 -6.265 -5.962 -5.659 -5.355 -5.052 -4.748 -4.444 -4.139
  -3.835 -3.530 -3.225 -2.920 -2.614 -2.309 -2.003 -1.697 -1.390 -1.083
  -0.773 -0.464 -0.160  0.135  0.418  0.686  0.939  1.177  1.400  1.611
   1.821  2.046  2.277  2.506  2.733  2.958  3.181  3.402  3.622  3.839
   4.055  4.269  4.483  4.700  4.923  5.158  5.415  5.700  6.016  6.357
   6.715  7.080  7.447  7.810  8.169  8.521  8.867  9.207  9.542  9.871
  -6.871 -6.569 -6.266 -5.963 -5.660 -5.356 -5.053 -4.749 -4.445 -4.141
  -3.836 -3.532 -3.227 -2.922 -2.616 -2.311 -2.005 -1.699 -1.393 -1.086
  -0.779 -0.472 -0.165  0.145  0.455  0.760  1.055  1.339  1.608  1.862
   2.100  2.322  2.531  2.737  2.956  3.185  3.412  3.636  3.858  4.077
   4.294  4.510  4.723  4.937  5.153  5.375  5.610  5.865  6.146  6.452
   6.781  7.125  7.476  7.830  8.181  8.529  8.873  9.211  9.544  9.873
  -6.872 -6.569 -6.266 -5.963 -5.660 -5.357 -5.054 -4.750 -4.446 -4.142
  -3.838 -3.533 -3.228 -2.923 -2.618 -2.312 -2.007 -1.701 -1.394 -1.088
  -0.781 -0.474 -0.167  0.141  0.449  0.757  1.067  1.377  1.681  1.977
   2.260  2.530  2.783  3.020  3.240  3.446  3.646  3.859  4.085  4.308
   4.528  4.745  4.960  5.174  5.387  5.602  5.824  6.057  6.309  6.582
   6.879  7.194  7.524  7.862  8.203  8.544  8.883  9.218  9.549  9.876
  -6.874 -6.571 -6.269 -5.966 -5.663 -5.360 -5.056 -4.753 -4.449 -4.145
  -3.841 -3.536 -3.231 -2.926 -2.621 -2.316 -2.010 -1.704 -1.398 -1.091
  -0.784 -0.477 -0.170  0.138  0.445  0.754  1.062  1.370  1.679  1.990
   2.299  2.603  2.898  3.181  3.449  3.700  3.934  4.150  4.351  4.544
   4.751  4.973  5.191  5.406  5.619  5.832  6.047  6.267  6.498  6.744
   7.010  7.295  7.598  7.914  8.239  8.569  8.899  9.229  9.557  9.881
  -6.879 -6.577 -6.274 -5.971 -5.668 -5.365 -5.062 -4.758 -4.455 -4.151
  -3.846 -3.542 -3.237 -2.932 -2.627 -2.322 -2.016 -1.710 -1.404 -1.098
  -0.791 -0.484 -0.176  0.131  0.439  0.747  1.056  1.364  1.673  1.983
   2.292  2.601  2.912  3.222  3.525  3.818  4.098  4.363  4.610  4.839
   5.049  5.242  5.427  5.629  5.846  6.059  6.272  6.486  6.705  6.932
   7.173  7.429  7.703  7.993  8.297  8.610  8.928  9.249  9.570  9.891
  -6.887 -6.585 -6.282 -5.980 -5.677 -5.374 -5.070 -4.767 -4.463 -4.159
  -3.855 -3.551 -3.246 -2.941 -2.636 -2.331 -2.025 -1.719 -1.413 -1.107
  -0.800 -0.493 -0.185  0.122  0.430  0.738  1.047  1.356  1.665  1.974
   2.284  2.593  2.903  3.213  3.524  3.835  4.143  4.445  4.735  5.010
   5.270  5.511  5.731  5.931  6.114  6.291  6.493  6.706  6.920  7.137
   7.360  7.594  7.842  8.105  8.382  8.673  8.974  9.282  9.594  9.907
  -6.897 -6.595 -6.292 -5.990 -5.687 -5.384 -5.080 -4.777 -4.473 -4.170
  -3.865 -3.561 -3.257 -2.952 -2.647 -2.341 -2.036 -1.730 -1.424 -1.117
  -0.811 -0.504 -0.196  0.111  0.419  0.728  1.036  1.345  1.654  1.964
   2.273  2.583  2.893  3.204  3.514  3.825  4.136  4.447  4.758  5.065
   5.362  5.647  5.916  6.167  6.398  6.606  6.793  6.964  7.139  7.347
   7.562  7.782  8.009  8.248  8.501  8.767  9.045  9.335  9.632  9.934
  -6.906 -6.604 -6.301 -5.999 -5.696 -5.393 -5.090 -4.786 -4.483 -4.179
  -3.875 -3.571 -3.266 -2.962 -2.657 -2.352 -2.046 -1.740 -1.434 -1.128
  -0.821 -0.514 -0.207  0.101  0.409  0.717  1.025  1.334  1.644  1.953
   2.263  2.573  2.883  3.194  3.504  3.815  4.126  4.438  4.749  5.060
   5.372  5.682  5.984  6.276  6.552  6.811  7.050  7.267  7.460  7.631
   7.794  7.980  8.197  8.419  8.650  8.892  9.147  9.414  9.692  9.979
  -6.913 -6.611 -6.308 -6.006 -5.703 -5.400 -5.097 -4.794 -4.491 -4.187
  -3.883 -3.579 -3.275 -2.970 -2.665 -2.360 -2.055 -1.749 -1.443 -1.137
  -0.831 -0.524 -0.217  0.091  0.399  0.707  1.015  1.324  1.633  1.943
   2.252  2.562  2.873  3.183  3.494  3.805  4.116  4.428  4.739  5.051
   5.363  5.675  5.987  6.298  6.604  6.899  7.181  7.446  7.692  7.914
   8.113  8.288  8.446  8.612  8.823  9.047  9.280  9.525  9.781 10.048
  -6.918 -6.616 -6.313 -6.011 -5.709 -5.406 -5.103 -4.800 -4.497 -4.193
  -3.889 -3.586 -3.281 -2.977 -2.672 -2.368 -2.062 -1.757 -1.451 -1.145
  -0.839 -0.532 -0.225  0.082  0.389  0.697  1.006  1.314  1.623  1.932
   2.242  2.552  2.862  3.173  3.483  3.794  4.106  4.417  4.729  5.041
   5.353  5.665  5.977  6.289  6.601  6.913  7.221  7.519  7.805  8.074
   8.323  8.551  8.753  8.931  9.088  9.243  9.441  9.666  9.901 10.146
  -6.922 -6.621 -6.318 -6.016 -5.714 -5.411 -5.108 -4.806 -4.502 -4.199
  -3.896 -3.592 -3.288 -2.984 -2.680 -2.375 -2.070 -1.765 -1.459 -1.154
  -0.848 -0.541 -0.235  0.072  0.380  0.687  0.995  1.304  1.612  1.921
   2.230  2.540  2.850  3.160  3.471  3.782  4.093  4.404  4.716  5.028
   5.340  5.652  5.964  6.277  6.589  6.901  7.214  7.526  7.835  8.135
   8.423  8.695  8.947  9.176  9.381  9.561  9.717  9.865 10.050 10.276
  -6.928 -6.627 -6.325 -6.022 -5.720 -5.418 -5.115 -4.813 -4.510 -4.207
  -3.903 -3.600 -3.296 -2.992 -2.688 -2.384 -2.079 -1.774 -1.469 -1.164
  -0.858 -0.552 -0.246  0.061  0.368  0.675  0.983  1.291  1.599  1.908
   2.217  2.526  2.836  3.146  3.456  3.767  4.078  4.389  4.700  5.012
   5.324  5.636  5.949  6.261  6.574  6.886  7.199  7.511  7.824  8.136
   8.446  8.747  9.036  9.309  9.562  9.792  9.998 10.177 10.333 10.477
  -6.936 -6.634 -6.333 -6.031 -5.728 -5.426 -5.124 -4.821 -4.519 -4.216
  -3.913 -3.610 -3.306 -3.003 -2.699 -2.395 -2.090 -1.786 -1.481 -1.176
  -0.870 -0.565 -0.259  0.048  0.354  0.661  0.968  1.276  1.584  1.892
   2.201  2.510  2.819  3.129  3.439  3.749  4.060  4.371  4.682  4.994
   5.305  5.617  5.930  6.242  6.555  6.867  7.180  7.493  7.806  8.118
   8.431  8.743  9.053  9.355  9.644  9.917 10.169 10.399 10.604 10.782
  -6.944 -6.643 -6.341 -6.039 -5.738 -5.435 -5.133 -4.831 -4.528 -4.226
  -3.923 -3.620 -3.317 -3.013 -2.710 -2.406 -2.102 -1.798 -1.493 -1.189
  -0.883 -0.578 -0.273  0.033  0.340  0.646  0.953  1.260  1.568  1.876
   2.184  2.492  2.801  3.111  3.420  3.730  4.040  4.351  4.662  4.973
   5.285  5.597  5.909  6.221  6.533  6.846  7.159  7.472  7.785  8.098
   8.411  8.723  9.036  9.349  9.658  9.960 10.248 10.520 10.771 10.999
  -6.952 -6.650 -6.349 -6.047 -5.745 -5.443 -5.141 -4.839 -4.537 -4.234
  -3.932 -3.629 -3.326 -3.023 -2.720 -2.416 -2.113 -1.809 -1.504 -1.200
  -0.895 -0.590 -0.285  0.020  0.326  0.632  0.939  1.245  1.552  1.860
   2.168  2.476  2.784  3.093  3.402  3.712  4.022  4.332  4.642  4.953
   5.264  5.576  5.888  6.200  6.512  6.824  7.137  7.450  7.763  8.076
   8.389  8.702  9.015  9.328  9.641  9.953 10.262 10.563 10.850 11.119
  -6.956 -6.654 -6.353 -6.051 -5.750 -5.448 -5.146 -4.844 -4.542 -4.240
  -3.938 -3.635 -3.333 -3.030 -2.727 -2.423 -2.120 -1.816 -1.513 -1.209
  -0.904 -0.600 -0.295  0.010  0.316  0.621  0.927  1.233  1.540  1.847
   2.154  2.462  2.770  3.078  3.387  3.696  4.005  4.315  4.625  4.935
   5.246  5.557  5.868  6.180  6.492  6.804  7.117  7.429  7.742  8.055
   8.368  8.681  8.994  9.307  9.620  9.933 10.246 10.559 10.867 11.166
  -6.956 -6.655 -6.354 -6.053 -5.751 -5.450 -5.148 -4.846 -4.544 -4.242
  -3.940 -3.638 -3.336 -3.033 -2.730 -2.427 -2.124 -1.821 -1.517 -1.214
  -0.910 -0.606 -0.301  0.003  0.308  0.613  0.919  1.225  1.531  1.837
   2.144  2.451  2.758  3.066  3.374  3.683  3.991  4.301  4.610  4.920
   5.230  5.541  5.852  6.163  6.474  6.786  7.098  7.410  7.723  8.036
   8.349  8.662  8.975  9.288  9.601  9.914 10.227 10.540 10.853 11.165
  -6.956 -6.655 -6.353 -6.052 -5.751 -5.450 -5.148 -4.847 -4.545 -4.243
  -3.941 -3.639 -3.337 -3.035 -2.732 -2.430 -2.127 -1.824 -1.521 -1.217
  -0.914 -0.610 -0.306 -0.002  0.303  0.608  0.913  1.218  1.523  1.829
   2.136  2.442  2.749  3.056  3.364  3.671  3.980  4.288  4.597  4.906
   5.216  5.526  5.836  6.147  6.458  6.769  7.081  7.393  7.705  8.017
   8.330  8.643  8.956  9.269  9.582  9.895 10.208 10.521 10.834 11.147
  -6.956 -6.655 -6.354 -6.053 -5.752 -5.451 -5.149 -4.848 -4.546 -4.245
  -3.943 -3.641 -3.339 -3.037 -2.735 -2.433 -2.130 -1.827 -1.525 -1.221
  -0.918 -0.615 -0.311 -0.007  0.297  0.601  0.906  1.210  1.516  1.821
   2.127  2.433  2.739  3.046  3.353  3.660  3.968  4.275  4.584  4.892
   5.202  5.511  5.821  6.131  6.441  6.752  7.063  7.374  7.686  7.998
   8.310  8.623  8.936  9.248  9.561  9.875 10.188 10.501 10.814 11.127
  -6.959 -6.658 -6.358 -6.057 -5.756 -5.454 -5.153 -4.852 -4.551 -4.249
  -3.948 -3.646 -3.344 -3.042 -2.740 -2.438 -2.136 -1.833 -1.531 -1.228
  -0.925 -0.622 -0.319 -0.015  0.288  0.592  0.897  1.201  1.506  1.811
   2.116  2.421  2.727  3.033  3.340  3.646  3.954  4.261  4.569  4.877
   5.185  5.494  5.803  6.113  6.423  6.733  7.044  7.355  7.666  7.977
   8.289  8.601  8.914  9.226  9.539  9.852 10.165 10.478 10.791 11.105
 -26.581-26.427-26.272-26.118-25.963-25.808-25.654-25.499-25.344-25.190
 -25.035-24.881-24.726-24.571-24.417-24.262-24.107-23.953-23.798-23.644
 -23.489-23.334-23.180-23.025-22.873-22.737-22.601-22.465-22.329-22.193
 -22.057-21.932-21.807-21.683-21.559-21.435-21.320-21.204-21.088-20.973
 -20.865-20.757-20.649-20.545-20.443-20.340-20.241-20.143-20.045-19.951
 -19.857-19.766-19.676-19.588-19.501-19.415-19.331-19.248-19.167-19.087
 -19.008-18.932-18.856-18.781-18.708-18.635-18.566-18.497-18.429-18.361
 -18.293-18.229-18.166-18.102-18.039-17.981-17.922-17.864-17.805-17.747
 -17.688-17.634-17.581-17.528-17.475-17.422-17.373-17.323-17.273-17.224
 -17.177-17.131-17.084-17.039-16.994-16.950-16.907-16.863-16.821-16.779
 -16.738-16.698-16.658-16.619-16.580-16.541-16.503-16.466-16.429-16.392
 -16.355-16.320-16.284-16.249-16.214-16.180-16.146-16.112-16.078-16.044
 -16.010-15.977-15.944-15.911-15.878-15.846-15.814-15.781-15.749-15.717
 -15.685-15.653-15.621-15.590-15.558-15.527-15.495-15.463-15.431-15.399
 -15.368-15.336-15.304-15.272-15.240-15.208-15.175-15.143-15.111-15.079
 -15.046-15.014-14.982-14.949-14.917-14.884-14.851-14.817-14.784-14.751
 -14.718-14.685-14.653-14.620-14.586-14.553-14.519-14.486-14.452-14.418
 -14.385-14.351-14.318-14.284-14.251-14.217-14.184-14.150-14.116-14.083
 -14.049-14.016-13.982-13.948-13.915-13.881-13.848-13.815-13.782-13.749
 -13.715-13.681-13.647-13.614-13.580-13.547-13.514-13.482-13.449-13.415
 -37.125-36.597-36.070-35.542-35.014-34.487-33.959-33.431-32.903-32.376
 -31.848-31.320-30.793-30.265-29.737-29.209-28.682-28.154-27.626-27.099
 -26.571-26.043-25.516-24.988-24.460-23.932-23.405-22.877-22.349-21.822
 -21.294-20.806-20.322-19.839-19.355-18.873-18.422-17.971-17.520-17.071
 -16.646-16.220-15.795-15.384-14.979-14.574-14.184-13.796-13.412-13.039
 -12.666-12.306-11.946-11.595-11.245-10.906-10.569-10.239 -9.913 -9.592
  -9.278 -8.971 -8.666 -8.364 -8.070 -7.777 -7.499 -7.222 -6.945 -6.668
  -6.392 -6.134 -5.876 -5.618 -5.363 -5.125 -4.888 -4.650 -4.413 -4.176
  -3.938 -3.719 -3.501 -3.284 -3.066 -2.850 -2.648 -2.446 -2.244 -2.043
  -1.853 -1.662 -1.472 -1.289 -1.108 -0.928 -0.754 -0.581 -0.411 -0.245
  -0.079  0.080  0.239  0.394  0.549  0.699  0.848  0.993  1.136  1.278
   1.417  1.552  1.686  1.819  1.947  2.076  2.197  2.318  2.439  2.559
   2.679  2.791  2.903  3.015  3.126  3.231  3.336  3.441  3.541  3.640
   3.740  3.835  3.929  4.022  4.113  4.203  4.288  4.374  4.459  4.544
   4.624  4.704  4.784  4.860  4.935  5.010  5.082  5.153  5.224  5.293
   5.362  5.425  5.489  5.553  5.616  5.679  5.738  5.796  5.854  5.912
   5.966  6.020  6.075  6.126  6.177  6.228  6.276  6.324  6.372  6.419
   6.467  6.511  6.554  6.598  6.641  6.683  6.725  6.766  6.806  6.846
   6.885  6.923  6.961  6.998  7.036  7.074  7.109  7.145  7.180  7.215
   7.249  7.284  7.318  7.350  7.383  7.415  7.446  7.476  7.507  7.536
 -40.786-40.314-39.842-39.371-38.899-38.428-37.956-37.484-37.013-36.541
 -36.070-35.598-35.126-34.655-34.183-33.712-33.240-32.768-32.297-31.825
 -31.353-30.882-30.410-29.939-29.467-28.995-28.524-28.052-27.581-27.109
 -26.637-26.166-25.694-25.223-24.751-24.279-23.808-23.336-22.865-22.395
 -21.950-21.505-21.060-20.631-20.207-19.782-19.373-18.967-18.565-18.175
 -17.785-17.408-17.031-16.665-16.300-15.944-15.592-15.246-14.906-14.570
 -14.241-13.920-13.600-13.284-12.977-12.669-12.379-12.089-11.799-11.509
 -11.221-10.951-10.681-10.411-10.144 -9.895 -9.646 -9.397 -9.149 -8.900
  -8.651 -8.422 -8.195 -7.968 -7.741 -7.515 -7.303 -7.092 -6.880 -6.670
  -6.471 -6.272 -6.073 -5.881 -5.692 -5.503 -5.321 -5.141 -4.962 -4.789
  -4.616 -4.449 -4.282 -4.119 -3.956 -3.801 -3.646 -3.493 -3.343 -3.196
  -3.051 -2.910 -2.770 -2.632 -2.498 -2.363 -2.237 -2.111 -1.984 -1.858
  -1.733 -1.616 -1.499 -1.382 -1.267 -1.158 -1.048 -0.939 -0.835 -0.731
  -0.627 -0.528 -0.430 -0.334 -0.240 -0.146 -0.057  0.032  0.121  0.209
   0.292  0.375  0.457  0.537  0.614  0.692  0.766  0.840  0.913  0.983
   1.053  1.119  1.184  1.250  1.316  1.380  1.441  1.501  1.561  1.620
   1.676  1.732  1.787  1.840  1.893  1.945  1.994  2.042  2.090  2.139
   2.186  2.231  2.276  2.321  2.366  2.408  2.449  2.491  2.531  2.571
   2.611  2.649  2.686  2.724  2.761  2.798  2.833  2.868  2.903  2.937
   2.969  3.001  3.033  3.064  3.095  3.126  3.155  3.184  3.212  3.240
  -6.837 -6.914 -6.988 -7.060 -7.130 -7.198 -7.263 -7.326 -7.387 -7.446
  -7.504 -7.559 -7.612 -7.664 -7.714 -7.762 -7.809 -7.853 -7.897 -7.939
  -7.979 -8.018 -8.056 -8.092 -8.127 -8.161 -8.194 -8.225 -8.256 -8.285
  -8.314 -8.341 -8.367 -8.393 -8.418 -8.442 -8.465 -8.487 -8.509 -8.530
  -8.550 -8.570 -8.589 -8.608 -8.626 -8.643 -8.660 -8.677 -8.693 -8.708
  -8.723 -8.738 -8.753 -8.767 -8.781 -8.794 -8.807 -8.820 -8.832 -8.844
  -8.856 -8.868 -8.879 -8.890 -8.901 -8.912 -8.922 -8.932 -8.942 -8.952
  -8.961 -8.971 -8.980 -8.989 -8.998 -9.006 -9.014 -9.023 -9.031 -9.038
  -9.046 -9.054 -9.061 -9.068 -9.075 -9.082 -9.089 -9.095 -9.102 -9.108
  -9.114 -9.120 -9.125 -9.131 -9.136 -9.142 -9.147 -9.152 -9.157 -9.161
  -9.166 -9.170 -9.175 -9.179 -9.183 -9.187 -9.191 -9.194 -9.198 -9.201
  -9.204 -9.207 -9.210 -9.213 -9.215 -9.218 -9.220 -9.223 -9.225 -9.227
  -9.229 -9.231 -9.232 -9.234 -9.235 -9.237 -9.238 -9.239 -9.240 -9.241
  -9.241 -9.242 -9.243 -9.243 -9.243 -9.244 -9.244 -9.244 -9.244 -9.244
  -9.244 -9.243 -9.243 -9.242 -9.242 -9.241 -9.240 -9.240 -9.239 -9.238
  -9.237 -9.236 -9.235 -9.233 -9.232 -9.231 -9.229 -9.228 -9.226 -9.225
  -9.223 -9.221 -9.219 -9.218 -9.216 -9.214 -9.212 -9.210 -9.208 -9.206
  -9.203 -9.201 -9.199 -9.197 -9.194 -9.192 -9.190 -9.187 -9.185 -9.182
  -9.180 -9.177 -9.174 -9.172 -9.169 -9.167 -9.164 -9.161 -9.158 -9.156
  -9.153 -9.150 -9.147 -9.144 -9.141 -9.138 -9.135 -9.132 -9.129 -9.126
 -34.267-33.828-33.389-32.950-32.511-32.072-31.633-31.194-30.755-30.316
 -29.877-29.439-29.000-28.561-28.122-27.683-27.244-26.805-26.366-25.927
 -25.488-25.049-24.611-24.172-23.733-23.294-22.855-22.416-21.977-21.538
 -21.099-20.693-20.291-19.889-19.488-19.087-18.712-18.338-17.963-17.591
 -17.237-16.883-16.529-16.188-15.852-15.515-15.191-14.869-14.551-14.241
 -13.932-13.633-13.334-13.044-12.755-12.473-12.194-11.920-11.651-11.385
 -11.124-10.870-10.618-10.367-10.125 -9.882 -9.652 -9.423 -9.194 -8.965
  -8.737 -8.524 -8.310 -8.097 -7.885 -7.689 -7.493 -7.297 -7.101 -6.905
  -6.708 -6.528 -6.349 -6.170 -5.991 -5.812 -5.646 -5.479 -5.312 -5.147
  -4.990 -4.833 -4.676 -4.526 -4.377 -4.229 -4.087 -3.945 -3.805 -3.668
  -3.532 -3.401 -3.270 -3.142 -3.015 -2.893 -2.771 -2.651 -2.533 -2.417
  -2.303 -2.193 -2.084 -1.975 -1.869 -1.762 -1.663 -1.564 -1.465 -1.365
  -1.267 -1.175 -1.084 -0.992 -0.901 -0.814 -0.728 -0.641 -0.559 -0.477
  -0.396 -0.317 -0.239 -0.162 -0.086 -0.011  0.061  0.132  0.204  0.276
   0.345  0.414  0.483  0.551  0.619  0.687  0.753  0.820  0.886  0.951
   1.017  1.079  1.140  1.202  1.264  1.325  1.381  1.437  1.493  1.548
   1.598  1.649  1.700  1.746  1.792  1.837  1.877  1.917  1.957  1.998
   2.037  2.072  2.108  2.143  2.178  2.209  2.241  2.272  2.303  2.332
   2.362  2.391  2.420  2.449  2.478  2.507  2.534  2.562  2.590  2.617
   2.645  2.673  2.701  2.729  2.756  2.783  2.811  2.838  2.866  2.893
 -42.483-42.006-41.529-41.051-40.574-40.097-39.619-39.142-38.665-38.188
 -37.710-37.233-36.756-36.279-35.801-35.324-34.847-34.369-33.892-33.415
 -32.938-32.460-31.983-31.506-31.029-30.551-30.074-29.597-29.120-28.642
 -28.165-27.688-27.210-26.733-26.256-25.779-25.301-24.824-24.347-23.870
 -23.392-22.915-22.438-21.978-21.524-21.070-20.632-20.196-19.766-19.347
 -18.928-18.523-18.117-17.724-17.332-16.952-16.574-16.202-15.837-15.476
 -15.121-14.775-14.431-14.090-13.759-13.428-13.114-12.801-12.487-12.174
 -11.863-11.571-11.279-10.987-10.699-10.429-10.159 -9.890 -9.620 -9.350
  -9.080 -8.831 -8.583 -8.336 -8.089 -7.842 -7.612 -7.382 -7.152 -6.923
  -6.705 -6.486 -6.268 -6.058 -5.850 -5.643 -5.442 -5.243 -5.045 -4.854
  -4.662 -4.476 -4.289 -4.109 -3.928 -3.751 -3.575 -3.401 -3.230 -3.060
  -2.892 -2.726 -2.561 -2.397 -2.234 -2.071 -1.905 -1.740 -1.574 -1.408
  -1.241 -1.064 -0.886 -0.708 -0.529 -0.345 -0.161  0.023  0.204  0.383
   0.562  0.731  0.898  1.060  1.213  1.365  1.498  1.631  1.764  1.895
   2.006  2.118  2.229  2.327  2.421  2.514  2.597  2.677  2.754  2.823
   2.892  2.947  3.002  3.057  3.112  3.165  3.205  3.245  3.286  3.324
   3.354  3.384  3.414  3.436  3.458  3.479  3.494  3.509  3.523  3.538
   3.552  3.559  3.567  3.574  3.580  3.584  3.587  3.590  3.592  3.594
   3.595  3.594  3.593  3.592  3.590  3.589  3.587  3.585  3.583  3.581
   3.576  3.572  3.568  3.566  3.563  3.561  3.556  3.551  3.547  3.549
 -46.030-45.546-45.063-44.579-44.095-43.611-43.127-42.643-42.159-41.675
 -41.192-40.708-40.224-39.740-39.256-38.772-38.288-37.804-37.320-36.837
 -36.353-35.869-35.385-34.901-34.417-33.933-33.449-32.966-32.482-31.998
 -31.514-31.030-30.546-30.062-29.578-29.095-28.611-28.127-27.643-27.159
 -26.675-26.191-25.707-25.224-24.740-24.256-23.772-23.288-22.809-22.342
 -21.876-21.426-20.977-20.540-20.105-19.681-19.260-18.847-18.442-18.041
 -17.648-17.264-16.883-16.505-16.138-15.772-15.425-15.079-14.733-14.387
 -14.043-13.721-13.398-13.076-12.757-12.460-12.162-11.865-11.568-11.271
 -10.974-10.700-10.428-10.157 -9.885 -9.615 -9.362 -9.110 -8.857 -8.606
  -8.368 -8.130 -7.893 -7.664 -7.438 -7.212 -6.995 -6.779 -6.566 -6.357
  -6.148 -5.943 -5.738 -5.528 -5.317 -5.087 -4.848 -4.588 -4.310 -4.022
  -3.724 -3.428 -3.133 -2.843 -2.567 -2.291 -2.054 -1.818 -1.583 -1.348
  -1.117 -0.928 -0.739 -0.550 -0.365 -0.210 -0.054  0.101  0.237  0.368
   0.499  0.613  0.726  0.832  0.929  1.025  1.106  1.186  1.267  1.346
   1.407  1.468  1.529  1.583  1.633  1.684  1.726  1.768  1.807  1.841
   1.874  1.901  1.927  1.953  1.980  2.005  2.026  2.046  2.066  2.087
   2.108  2.128  2.149  2.173  2.197  2.222  2.252  2.284  2.315  2.346
   2.379  2.420  2.461  2.502  2.545  2.593  2.642  2.691  2.742  2.794
   2.846  2.898  2.949  3.000  3.052  3.103  3.149  3.195  3.240  3.285
   3.324  3.363  3.402  3.436  3.469  3.502  3.530  3.558  3.584  3.606
 -48.892-48.398-47.904-47.409-46.915-46.420-45.926-45.432-44.937-44.443
 -43.948-43.454-42.959-42.465-41.971-41.476-40.982-40.487-39.993-39.499
 -39.004-38.510-38.015-37.521-37.027-36.532-36.038-35.543-35.049-34.555
 -34.060-33.566-33.071-32.577-32.083-31.588-31.094-30.599-30.105-29.610
 -29.116-28.622-28.127-27.633-27.138-26.644-26.150-25.655-25.161-24.666
 -24.172-23.678-23.183-22.703-22.224-21.759-21.297-20.844-20.399-19.958
 -19.527-19.105-18.686-18.271-17.868-17.466-17.084-16.704-16.324-15.943
 -15.566-15.211-14.857-14.503-14.152-13.826-13.500-13.174-12.848-12.522
 -12.195-11.895-11.597-11.299-11.001-10.705-10.428-10.150 -9.873 -9.597
  -9.336 -9.075 -8.814 -8.562 -8.314 -8.067 -7.828 -7.591 -7.357 -7.128
  -6.900 -6.681 -6.463 -6.249 -6.037 -5.830 -5.626 -5.426 -5.229 -5.034
  -4.843 -4.658 -4.473 -4.291 -4.114 -3.937 -3.770 -3.604 -3.437 -3.270
  -3.105 -2.951 -2.796 -2.642 -2.489 -2.344 -2.199 -2.055 -1.916 -1.778
  -1.641 -1.510 -1.380 -1.251 -1.126 -1.001 -0.882 -0.764 -0.645 -0.527
  -0.416 -0.305 -0.194 -0.087  0.018  0.124  0.225  0.325  0.424  0.520
   0.616  0.706  0.796  0.887  0.977  1.066  1.150  1.233  1.317  1.399
   1.477  1.554  1.632  1.706  1.779  1.853  1.921  1.990  2.058  2.126
   2.194  2.257  2.320  2.382  2.445  2.504  2.563  2.621  2.678  2.734
   2.789  2.842  2.895  2.947  2.999  3.052  3.101  3.150  3.199  3.247
   3.293  3.339  3.385  3.429  3.473  3.517  3.559  3.601  3.642  3.682
 -99.999-99.999-99.999-99.999-99.999-99.999-99.999-99.999-99.999-99.999
 -99.999-99.999-99.999-99.999-99.999-99.999-99.999-99.999-99.999-99.999
 -99.999-99.999-99.999-99.999-99.514-98.399-97.285-96.170-95.055-93.941
 -92.826-91.711-90.597-89.482-88.368-87.253-86.138-85.024-83.909-82.794
 -81.680-80.565-79.450-78.336-77.221-76.106-74.992-73.877-72.762-71.648
 -70.533-69.418-68.304-67.219-66.138-65.085-64.039-63.012-62.001-61.002
 -60.018-59.058-58.103-57.157-56.234-55.311-54.420-53.531-52.642-51.752
 -50.848-49.807-48.767-47.726-46.684-45.634-44.584-43.534-42.484-41.433
 -40.383-39.480-38.595-37.709-36.823-35.943-35.170-34.396-33.623-32.855
 -32.138-31.422-30.705-29.878-29.013-28.148-27.216-26.271-25.350-24.487
 -23.623-22.847-22.070-21.360-20.658-20.014-19.386-18.795-18.235-17.697
 -17.190-16.721-16.263-15.818-15.415-15.012-14.675-14.341-14.008-13.674
 -13.348-13.086-12.825-12.564-12.310-12.098-11.887-11.676-11.493-11.318
 -11.144-10.994-10.847-10.707-10.581-10.457-10.357-10.256-10.156-10.057
  -9.981 -9.905 -9.829 -9.767 -9.710 -9.653 -9.607 -9.564 -9.524 -9.491
  -9.458 -9.439 -9.420 -9.402 -9.383 -9.366 -9.361 -9.356 -9.352 -9.348
  -9.352 -9.355 -9.359 -9.366 -9.373 -9.381 -9.386 -9.391 -9.397 -9.402
  -9.406 -9.400 -9.393 -9.386 -9.378 -9.361 -9.343 -9.325 -9.303 -9.281
  -9.258 -9.237 -9.215 -9.194 -9.173 -9.152 -9.137 -9.123 -9.108 -9.095
  -9.088 -9.080 -9.073 -9.071 -9.070 -9.070 -9.074 -9.079 -9.085 -9.093
 -69.843-69.338-68.834-68.329-67.825-67.320-66.816-66.311-65.807-65.302
 -64.798-64.293-63.789-63.284-62.780-62.275-61.771-61.267-60.762-60.258
 -59.753-59.249-58.744-58.240-57.735-57.231-56.726-56.222-55.717-55.213
 -54.708-54.204-53.700-53.195-52.691-52.186-51.682-51.177-50.673-50.168
 -49.664-49.159-48.655-48.150-47.646-47.141-46.637-46.132-45.628-45.124
 -44.619-44.115-43.610-43.106-42.601-42.097-41.592-41.088-40.583-40.079
 -39.574-39.070-38.565-38.061-37.556-37.052-36.548-36.043-35.539-35.034
 -34.530-34.025-33.521-33.016-32.512-32.007-31.503-30.998-30.494-29.989
 -29.485-28.981-28.476-27.972-27.467-26.963-26.458-25.954-25.449-24.945
 -24.440-23.936-23.431-22.946-22.467-21.988-21.527-21.070-20.619-20.180
 -19.742-19.321-18.899-18.490-18.082-17.686-17.294-16.911-16.533-16.161
 -15.794-15.438-15.085-14.735-14.397-14.058-13.738-13.418-13.099-12.780
 -12.463-12.167-11.872-11.576-11.283-11.006-10.729-10.451-10.186 -9.925
  -9.663 -9.413 -9.164 -8.919 -8.680 -8.442 -8.216 -7.991 -7.765 -7.541
  -7.330 -7.119 -6.908 -6.704 -6.503 -6.302 -6.109 -5.917 -5.727 -5.541
  -5.356 -5.178 -5.001 -4.824 -4.646 -4.470 -4.298 -4.126 -3.954 -3.782
  -3.610 -3.438 -3.266 -3.092 -2.918 -2.744 -2.571 -2.398 -2.225 -2.052
  -1.879 -1.712 -1.545 -1.379 -1.213 -1.057 -0.900 -0.744 -0.594 -0.446
  -0.298 -0.156 -0.015  0.125  0.266  0.407  0.541  0.675  0.809  0.943
   1.068  1.193  1.318  1.436  1.551  1.666  1.771  1.874  1.975  2.068
 -91.341-90.633-89.924-89.216-88.507-87.799-87.090-86.382-85.673-84.965
 -84.256-83.548-82.839-82.131-81.422-80.714-80.005-79.297-78.588-77.880
 -77.171-76.463-75.754-75.046-74.337-73.629-72.920-72.212-71.503-70.795
 -70.086-69.378-68.669-67.961-67.252-66.544-65.835-65.127-64.418-63.710
 -63.001-62.293-61.584-60.876-60.167-59.459-58.750-58.042-57.333-56.625
 -55.916-55.208-54.499-53.791-53.082-52.374-51.665-50.957-50.248-49.540
 -48.831-48.123-47.414-46.706-45.997-45.289-44.580-43.872-43.163-42.455
 -41.746-41.038-40.329-39.621-38.912-38.204-37.495-36.787-36.078-35.370
 -34.661-33.953-33.244-32.536-31.827-31.119-30.410-29.702-28.993-28.285
 -27.576-26.868-26.159-25.451-24.742-24.034-23.334-22.636-21.886-21.009
 -20.133-19.221-18.310-17.460-16.618-15.840-15.080-14.362-13.680-13.022
 -12.401-11.825-11.261-10.711-10.208 -9.706 -9.279 -8.857 -8.435 -8.013
  -7.600 -7.261 -6.922 -6.583 -6.252 -5.970 -5.689 -5.407 -5.158 -4.918
  -4.678 -4.467 -4.258 -4.058 -3.874 -3.691 -3.529 -3.367 -3.206 -3.045
  -2.892 -2.740 -2.587 -2.422 -2.253 -2.084 -1.896 -1.704 -1.509 -1.308
  -1.107 -0.916 -0.726 -0.535 -0.344 -0.157  0.006  0.168  0.331  0.489
   0.627  0.764  0.901  1.025  1.147  1.268  1.360  1.450  1.540  1.630
   1.719  1.797  1.876  1.954  2.031  2.102  2.173  2.243  2.308  2.372
   2.436  2.495  2.553  2.611  2.669  2.727  2.780  2.833  2.886  2.939
   2.989  3.040  3.091  3.141  3.191  3.240  3.289  3.338  3.387  3.437
 -81.013-80.464-79.915-79.365-78.816-78.267-77.718-77.169-76.620-76.071
 -75.521-74.972-74.423-73.874-73.325-72.776-72.227-71.677-71.128-70.579
 -70.030-69.481-68.932-68.383-67.834-67.284-66.735-66.186-65.637-65.088
 -64.539-63.990-63.440-62.891-62.342-61.793-61.244-60.695-60.146-59.596
 -59.047-58.498-57.949-57.400-56.851-56.302-55.753-55.203-54.654-54.105
 -53.556-53.007-52.458-51.909-51.359-50.810-50.261-49.712-49.163-48.614
 -48.065-47.515-46.966-46.417-45.868-45.319-44.770-44.221-43.671-43.122
 -42.573-42.024-41.475-40.926-40.377-39.828-39.278-38.729-38.180-37.631
 -37.082-36.533-35.984-35.434-34.885-34.336-33.787-33.238-32.689-32.140
 -31.590-31.041-30.492-29.943-29.394-28.845-28.296-27.746-27.197-26.648
 -26.099-25.550-25.001-24.468-23.937-23.421-22.909-22.406-21.912-21.423
 -20.944-20.475-20.009-19.544-19.081-18.617-17.950-17.271-16.592-15.913
 -15.230-14.509-13.787-13.066-12.361-11.749-11.137-10.526 -9.980 -9.450
  -8.921 -8.447 -7.979 -7.527 -7.107 -6.689 -6.323 -5.956 -5.590 -5.228
  -4.917 -4.605 -4.293 -4.011 -3.740 -3.469 -3.226 -2.988 -2.757 -2.544
  -2.331 -2.152 -1.973 -1.795 -1.616 -1.443 -1.301 -1.159 -1.017 -0.880
  -0.764 -0.647 -0.531 -0.430 -0.332 -0.233 -0.153 -0.074  0.005  0.084
   0.162  0.225  0.288  0.351  0.413  0.467  0.521  0.576  0.627  0.677
   0.727  0.779  0.831  0.882  0.934  0.986  1.049  1.111  1.174  1.237
   1.310  1.384  1.457  1.536  1.616  1.697  1.778  1.858  1.938  2.016
 -99.999-99.999-99.999-99.999-99.999-99.999-99.999-99.999-99.999-99.999
 -99.999-99.999-99.999-99.999-99.999-99.999-99.999-99.999-99.999-99.999
 -99.999-99.999-99.999-99.999-99.999-99.999-99.999-99.999-99.999-99.999
 -99.999-99.999-99.999-99.999-99.999-99.999-99.999-99.999-99.999-99.999
 -99.999-99.999-98.970-97.857-96.745-95.632-94.519-93.407-92.294-91.182
 -90.069-88.957-87.844-86.732-85.619-84.506-83.394-82.281-81.169-80.056
 -78.944-77.831-76.719-75.606-74.493-73.381-72.268-71.156-70.043-68.931
 -67.818-66.706-65.593-64.480-63.368-62.255-61.143-60.030-58.918-57.805
 -56.693-55.580-54.467-53.355-52.242-51.130-50.017-48.905-47.792-46.680
 -45.567-44.454-43.342-42.229-41.117-40.004-38.892-37.779-36.667-35.554
 -34.441-33.329-32.216-31.104-29.991-28.879-27.766-26.654-25.541-24.428
 -23.316-22.248-21.191-20.160-19.214-18.267-17.459-16.658-15.857-15.056
 -14.271-13.623-12.975-12.327-11.694-11.151-10.608-10.065 -9.583 -9.116
  -8.648 -8.235 -7.827 -7.434 -7.072 -6.712 -6.400 -6.088 -5.777 -5.469
  -5.205 -4.942 -4.678 -4.436 -4.202 -3.968 -3.746 -3.527 -3.309 -3.096
  -2.883 -2.625 -2.368 -2.110 -1.852 -1.600 -1.374 -1.149 -0.924 -0.703
  -0.502 -0.301 -0.100  0.086  0.269  0.451  0.615  0.777  0.940  1.102
   1.263  1.404  1.546  1.688  1.828  1.954  2.081  2.207  2.325  2.441
   2.556  2.660  2.762  2.865  2.967  3.069  3.158  3.248  3.337  3.426
   3.505  3.585  3.665  3.739  3.811  3.883  3.951  4.017  4.082  4.145
 -99.999-99.999-99.999-99.999-99.999-99.999-99.999-99.999-99.999-99.999
 -99.999-99.999-99.999-99.999-99.999-99.999-99.999-99.999-99.999-99.999
 -99.999-99.999-99.999-99.999-99.999-99.999-99.999-99.999-99.999-99.999
 -99.999-99.999-99.999-99.999-99.999-99.999-99.999-99.999-99.999-99.999
 -99.999-99.999-99.999-99.999-99.999-99.999-99.999-99.999-99.999-99.999
 -99.999-99.999-99.999-99.999-99.999-99.999-99.999-99.999-99.999-99.999
 -99.999-99.999-99.999-99.999-99.999-99.999-99.999-99.999-99.999-99.071
 -97.155-95.268-93.410-91.581-89.780-88.007-86.261-84.542-82.849-81.183
 -79.542-77.926-76.336-74.770-73.227-71.709-70.214-68.743-67.294-65.867
 -64.462-63.079-61.718-60.377-59.058-57.758-56.479-55.220-53.980-52.760
 -51.558-50.375-49.210-48.064-46.935-45.824-44.730-43.653-42.593-41.550
 -40.523-39.512-38.516-37.537-36.572-35.623-34.689-33.769-32.864-31.973
 -31.096-30.233-29.384-28.548-27.725-26.915-26.119-25.334-24.563-23.803
 -23.056-22.321-21.597-20.885-20.185-19.496-18.818-18.151-17.495-16.849
 -16.214-15.590-14.975-14.371-13.777-13.193-12.618-12.053-11.497-10.950
 -10.413 -9.885 -9.366 -8.856 -8.354 -7.861 -7.377 -6.901 -6.433 -5.973
  -5.522 -5.079 -4.643 -4.216 -3.796 -3.384 -2.980 -2.583 -2.194 -1.812
  -1.438 -1.071 -0.712 -0.359 -0.014  0.324  0.654  0.977  1.293  1.602
   1.903  2.197  2.483  2.761  3.032  3.295  3.549  3.795  4.032  4.259
   4.477  4.685  4.882  5.068  5.242  5.402  5.548  5.678  5.792  5.886
 -99.999-99.999-99.999-99.999-99.999-99.999-99.999-99.999-99.999-99.999
 -99.999-99.999-99.999-99.999-99.999-99.999-99.999-99.999-99.999-99.999
 -99.999-99.999-99.999-99.999-99.999-99.999-99.999-99.999-99.999-99.999
 -99.999-99.999-99.999-99.999-99.999-99.999-99.999-99.999-99.999-99.999
 -99.999-99.999-99.999-99.999-99.999-99.999-99.999-99.999-99.999-99.999
 -99.999-99.999-99.999-99.999-99.999-99.999-99.999-99.999-99.999-99.999
 -99.999-99.999-99.999-99.999-99.999-99.999-99.999-99.999-99.999-99.999
 -99.999-99.999-99.999-99.999-99.999-99.999-99.999-99.999-99.999-99.999
 -99.999-99.999-99.441-97.455-95.500-93.574-91.679-89.812-87.974-86.165
 -84.384-82.630-80.903-79.203-77.529-75.882-74.259-72.662-71.090-69.542
 -68.018-66.518-65.041-63.587-62.155-60.746-59.359-57.994-56.650-55.326
 -54.024-52.742-51.480-50.238-49.015-47.811-46.627-45.461-44.313-43.184
 -42.072-40.978-39.901-38.841-37.798-36.772-35.762-34.768-33.790-32.828
 -31.881-30.949-30.032-29.129-28.242-27.368-26.509-25.664-24.832-24.014
 -23.209-22.417-21.638-20.871-20.118-19.376-18.647-17.929-17.224-16.530
 -15.847-15.175-14.515-13.865-13.226-12.598-11.980-11.372-10.774-10.185
  -9.607 -9.038 -8.478 -7.928 -7.387 -6.855 -6.332 -5.818 -5.313 -4.818
  -4.331 -3.855 -3.388 -2.931 -2.486 -2.052 -1.631 -1.223 -0.829 -0.450
  -0.086  0.262  0.595  0.913  1.216  1.506  1.783  2.048  2.303  2.546
   2.780  3.005  3.221  3.428  3.627  3.819  4.002  4.178  4.346  4.507
 -99.999-99.999-99.999-99.999-99.999-99.999-99.999-99.999-99.999-99.999
 -99.999-99.999-99.999-99.999-99.999-99.999-99.999-99.999-99.999-99.999
 -99.999-99.999-99.999-99.999-99.999-99.999-99.999-99.999-99.999-99.999
 -99.999-99.999-99.999-99.999-99.999-99.999-99.999-99.999-99.999-99.999
 -99.999-99.999-99.999-99.999-99.999-99.999-99.999-99.999-99.999-99.999
 -99.999-99.999-99.999-99.999-99.999-99.999-99.999-99.999-99.999-99.999
 -99.999-99.999-99.999-99.999-99.999-99.999-99.999-99.999-99.999-99.999
 -99.999-99.999-99.999-99.999-99.999-99.999-99.999-99.999-99.999-99.999
 -99.999-99.999-99.999-99.999-99.999-99.999-99.999-99.999-99.999-99.999
 -99.999-99.999-99.999-99.999-99.999-99.803-97.726-95.681-93.668-91.686
 -89.734-87.812-85.920-84.057-82.223-80.417-78.639-76.888-75.165-73.468
 -71.797-70.152-68.533-66.939-65.369-63.824-62.302-60.805-59.330-57.879
 -56.450-55.043-53.659-52.295-50.954-49.633-48.333-47.053-45.794-44.554
 -43.334-42.133-40.951-39.787-38.642-37.516-36.407-35.316-34.243-33.187
 -32.147-31.125-30.119-29.130-28.156-27.199-26.257-25.331-24.420-23.525
 -22.644-21.779-20.928-20.091-19.269-18.462-17.668-16.888-16.123-15.371
 -14.632-13.907-13.196-12.498-11.813-11.141-10.483 -9.838 -9.205 -8.586
  -7.980 -7.386 -6.806 -6.238 -5.684 -5.142 -4.614 -4.098 -3.596 -3.107
  -2.631 -2.169 -1.720 -1.285 -0.864 -0.456 -0.063  0.315  0.679  1.029
   1.363  1.682  1.985  2.272  2.542  2.796  3.033  3.252  3.453  3.636
 -99.999-99.999-99.999-99.999-99.999-99.999-99.999-99.999-99.999-99.999
 -99.999-99.999-99.999-99.999-99.999-99.999-99.999-99.999-99.999-99.999
 -99.999-99.999-99.999-99.999-99.999-99.999-99.999-99.999-99.999-99.999
 -99.999-99.999-99.999-99.999-99.999-99.999-99.999-99.999-99.999-99.999
 -99.999-99.999-99.999-99.999-99.999-99.999-99.999-99.999-99.999-99.999
 -99.999-99.999-99.999-99.999-99.999-99.999-99.999-99.999-99.999-99.999
 -99.999-99.999-99.999-99.999-99.999-99.999-99.999-99.999-99.999-99.999
 -99.999-99.999-99.999-99.999-99.999-99.999-99.999-99.999-99.999-99.999
 -99.999-99.999-99.999-99.999-99.999-99.999-99.999-99.999-99.999-99.999
 -99.999-99.999-99.999-99.999-99.999-99.999-99.999-99.999-99.999-99.999
 -99.999-99.999-99.999-99.999-99.999-99.999-99.999-99.999-99.999-99.999
 -99.999-99.999-99.999-99.999-99.999-99.999-99.999-99.999-99.999-99.999
 -99.529-94.967-90.404-85.842-81.356-77.323-73.291-69.258-65.653-62.158
 -58.663-55.534-52.447-49.469-46.704-43.957-41.553-39.150-36.747-34.377
 -32.340-30.302-28.265-26.428-24.658-22.889-21.295-19.732-18.216-16.816
 -15.415-14.223-13.030-11.837-10.645 -9.486 -8.511 -7.537 -6.562 -5.617
  -4.792 -3.967 -3.142 -2.410 -1.695 -0.980 -0.373  0.228  0.830  1.431
   2.021  2.515  3.010  3.504  3.988  4.412  4.835  5.258  5.642  6.016
   6.390  6.723  7.050  7.378  7.706  8.032  8.325  8.618  8.911  9.202
   9.475  9.748 10.021 10.282 10.539 10.797 11.040 11.280 11.515 11.739
 -99.999-99.999-99.999-99.999-99.999-99.999-99.999-99.999-99.999-99.999
 -99.999-99.999-99.999-99.999-99.999-99.999-99.999-99.999-99.999-99.999
 -99.999-99.999-99.999-99.999-99.999-99.999-99.999-99.999-99.999-99.999
 -99.999-99.999-99.999-99.999-99.999-99.999-99.999-99.999-99.999-99.999
 -99.999-99.999-99.999-99.999-99.999-99.999-99.999-99.999-99.999-99.999
 -99.999-99.999-99.999-99.999-99.999-99.999-99.999-99.999-99.999-99.999
 -99.999-99.999-99.999-99.999-99.999-99.999-99.999-99.999-99.999-99.999
 -99.999-99.999-99.999-99.999-99.999-99.999-99.999-99.999-99.999-99.999
 -99.999-99.999-99.999-99.999-99.999-99.999-99.999-99.999-99.999-99.999
 -99.999-99.999-99.999-99.999-99.999-99.999-99.999-99.999-99.999-99.999
 -99.999-99.999-99.999-99.999-99.999-99.999-99.999-99.999-99.999-99.999
 -99.999-99.999-99.999-99.999-99.999-99.999-99.999-99.999-99.999-99.999
 -99.999-99.999-99.999-99.999-99.999-99.999-99.999-99.999-99.999-99.999
 -99.999-99.999-99.999-98.561-94.323-90.083-85.788-81.493-77.198-72.964
 -69.331-65.697-62.064-58.787-55.631-52.475-49.621-46.822-44.102-41.579
 -39.055-36.830-34.604-32.379-30.153-27.988-26.151-24.315-22.478-20.694
 -19.127-17.560-15.994-14.594-13.225-11.855-10.683 -9.521 -8.360 -7.199
  -6.058 -5.095 -4.133 -3.170 -2.228 -1.403 -0.579  0.246  0.990  1.714
   2.438  3.066  3.683  4.299  4.916  5.528  6.043  6.557  7.072  7.580
   8.024  8.467  8.911  9.316  9.707 10.098 10.456 10.808 11.150 11.470
  -1.855 -1.856 -1.857 -1.858 -1.859 -1.860 -1.861 -1.862 -1.863 -1.864
  -1.866 -1.867 -1.868 -1.869 -1.871 -1.872 -1.874 -1.875 -1.877 -1.878
  -1.880 -1.881 -1.883 -1.885 -1.887 -1.889 -1.890 -1.892 -1.895 -1.897
  -1.899 -1.901 -1.903 -1.906 -1.908 -1.911 -1.913 -1.916 -1.919 -1.922
  -1.925 -1.931 -1.943 -1.975 -2.050 -2.196 -2.416 -2.681 -2.955 -3.217
  -3.456 -3.669 -3.854 -4.013 -4.146 -4.254 -4.339 -4.402 -4.444 -4.466
  -4.469 -4.455 -4.425 -4.379 -4.319 -4.245 -4.158 -4.060 -3.950 -3.831
  -3.702 -3.566 -3.423 -3.275 -3.123 -2.971 -2.822 -2.680 -2.551 -2.438
  -2.346 -2.276 -2.226 -2.194 -2.177 -2.173 -2.186 -2.222 -2.290 -2.396
  -2.535 -2.693 -2.852 -2.984 -3.062 -3.063 -2.986 -2.854 -2.693 -2.517
  -2.337 -2.157 -1.981 -1.810 -1.649 -1.498 -1.362 -1.242 -1.140 -1.055
  -0.986 -0.931 -0.886 -0.850 -0.821 -0.797 -0.777 -0.761 -0.746 -0.734
  -0.723 -0.714 -0.707 -0.701 -0.696 -0.693 -0.692 -0.692 -0.695 -0.701
  -0.709 -0.720 -0.735 -0.754 -0.776 -0.803 -0.833 -0.868 -0.907 -0.949
  -0.995 -1.043 -1.094 -1.146 -1.200 -1.254 -1.309 -1.363 -1.416 -1.469
  -1.520 -1.570 -1.618 -1.664 -1.708 -1.751 -1.792 -1.831 -1.868 -1.904
  -1.939 -1.972 -2.004 -2.035 -2.065 -2.095 -2.124 -2.153 -2.181 -2.209
  -2.236 -2.263 -2.291 -2.318 -2.345 -2.372 -2.399 -2.426 -2.452 -2.479
  -2.506 -2.533 -2.560 -2.586 -2.613 -2.640 -2.666 -2.693 -2.719 -2.746
  -2.772 -2.798 -2.825 -2.851 -2.877 -2.903 -2.929 -2.955 -2.980 -3.006
   0.000  0.000  0.000  0.000  0.000  0.000  0.000  0.000  0.000  0.000
   0.000  0.000  0.000  0.000  0.000  0.000  0.000  0.000  0.000  0.000
   0.000  0.000  0.000  0.000  0.000  0.000  0.000  0.000  0.000  0.000
   0.000  0.000  0.000  0.000  0.000  0.000  0.000  0.000  0.000  0.000
   0.000  0.000  0.000  0.000  0.000  0.000  0.000  0.000  0.000  0.000
   0.000  0.000  0.000  0.000  0.000  0.000  0.000  0.000  0.000  0.000
   0.000  0.000  0.000  0.000  0.000  0.000  0.000  0.000  0.000  0.000
   0.000  0.000  0.000  0.000  0.000  0.000  0.000  0.000  0.000  0.000
   0.000  0.000  0.000  0.000  0.000  0.000  0.000  0.000  0.000  0.000
   0.000  0.000  0.000  0.000  0.000  0.000  0.000  0.000  0.000  0.000
   0.000  0.000  0.000  0.000  0.000  0.000  0.000  0.000  0.000  0.000
   0.000  0.000  0.000  0.000  0.000  0.000  0.000  0.000  0.000  0.000
   0.000  0.000  0.000  0.000  0.000  0.000  0.000  0.000  0.000  0.000
   0.000  0.000  0.000  0.000  0.000  0.000  0.000  0.000  0.000  0.000
   0.000  0.000  0.000  0.000  0.000  0.000  0.000  0.000  0.000  0.000
   0.000  0.000  0.000  0.000  0.000  0.000  0.000  0.000  0.000  0.000
   0.000  0.000  0.000  0.000  0.000  0.000  0.000  0.000  0.000  0.000
   0.000  0.000  0.000  0.000  0.000  0.000  0.000  0.000  0.000  0.000
   0.000  0.000  0.000  0.000  0.000  0.000  0.000  0.000  0.000  0.000
   0.000  0.000  0.000  0.000  0.000  0.000  0.000  0.000  0.000  0.000

