  1500. 7.0  0.894  1.558  1.916  0.525 -1.953
  1750. 7.0  0.670  1.326  1.775  0.647 -1.137
  2000. 7.0  0.473  1.148  1.660  0.724 -0.523
  2250. 7.0  0.268  1.002  1.559  0.776 -0.029
  2500. 7.0  0.076  0.860  1.469  0.811  0.326
  2750. 7.0 -0.091  0.734  1.384  0.820  0.561
  3000. 7.0 -0.237  0.627  1.312  0.812  0.690
  3250. 7.0 -0.352  0.527  1.241  0.786  0.736
  3500. 7.0 -0.440  0.437  1.177  0.753  0.736
  3750. 7.0 -0.494  0.353  1.113  0.716  0.712
  4000. 7.0 -0.512  0.272  1.049  0.677  0.677
  4250. 7.0 -0.483  0.187  0.980  0.633  0.635
  4500. 7.0 -0.417  0.098  0.905  0.585  0.588
  4750. 7.0 -0.347  0.012  0.832  0.539  0.542
  5000. 7.0 -0.280 -0.070  0.761  0.494  0.499
  5250. 7.0 -0.224 -0.145  0.696  0.454  0.459
  5500. 7.0 -0.185 -0.216  0.636  0.416  0.422
  5750. 7.0 -0.167 -0.281  0.580  0.382  0.390
  6000. 7.0 -0.148 -0.346  0.524  0.349  0.358
  6250. 7.0 -0.146 -0.391  0.479  0.322  0.331
  6500. 7.0 -0.144 -0.437  0.435  0.294  0.304
  6750. 7.0 -0.149 -0.464  0.401  0.272  0.280
  7000. 7.0 -0.155 -0.490  0.368  0.250  0.257
  7250. 7.0 -0.164 -0.502  0.342  0.230  0.236
  7500. 7.0 -0.173 -0.514  0.316  0.210  0.216
  7750. 7.0 -0.183 -0.514  0.297  0.191  0.197
  8000. 7.0 -0.192 -0.514  0.277  0.173  0.177
  8250. 7.0 -0.201 -0.505  0.263  0.155  0.159
  8500. 7.0 -0.209 -0.495  0.249  0.137  0.140
  8750. 7.0 -0.218 -0.479  0.238  0.119  0.122
  9000. 7.0 -0.226 -0.464  0.227  0.102  0.104
  9250. 7.0 -0.238 -0.447  0.218  0.086  0.087
  9500. 7.0 -0.250 -0.431  0.210  0.069  0.070
  9750. 7.0 -0.271 -0.419  0.201  0.054  0.054
 10000. 7.0 -0.293 -0.408  0.193  0.039  0.038
 10250. 7.0 -0.327 -0.402  0.184  0.026  0.025
 10500. 7.0 -0.361 -0.396  0.175  0.013  0.013
 10750. 7.0 -0.410 -0.395  0.166  0.003  0.003
 11000. 7.0 -0.458 -0.393  0.157 -0.007 -0.007
 11250. 7.0 -0.512 -0.396  0.148 -0.015 -0.014
 11500. 7.0 -0.567 -0.399  0.138 -0.023 -0.022
 11750. 7.0 -0.616 -0.408  0.127 -0.029 -0.028
 12000. 7.0 -0.665 -0.417  0.116 -0.034 -0.034
 12250. 7.0 -0.712 -0.429  0.105 -0.039 -0.040
 12500. 7.0 -0.760 -0.441  0.094 -0.043 -0.046
 12750. 7.0 -0.809 -0.456  0.083 -0.046 -0.050
 13000. 7.0 -0.858 -0.470  0.072 -0.049 -0.054
 13250. 7.0 -0.905 -0.486  0.061 -0.052 -0.058
 13500. 7.0 -0.951 -0.502  0.050 -0.054 -0.062
 13750. 7.0 -0.999 -0.517  0.041 -0.056 -0.065
 14000. 7.0 -1.047 -0.532  0.032 -0.058 -0.068
 14250. 7.0 -1.093 -0.547  0.024 -0.060 -0.071
 14500. 7.0 -1.139 -0.562  0.015 -0.062 -0.074
 14750. 7.0 -1.184 -0.576  0.007 -0.064 -0.077
 15000. 7.0 -1.229 -0.590  0.000 -0.065 -0.080
 15250. 7.0 -1.272 -0.604 -0.007 -0.067 -0.082
 15500. 7.0 -1.315 -0.618 -0.013 -0.068 -0.085
 15750. 7.0 -1.358 -0.632 -0.020 -0.070 -0.088
 16000. 7.0 -1.400 -0.645 -0.026 -0.072 -0.090
 16250. 7.0 -1.441 -0.658 -0.032 -0.073 -0.093
 16500. 7.0 -1.481 -0.671 -0.037 -0.074 -0.095
 16750. 7.0 -1.520 -0.683 -0.043 -0.075 -0.097
 17000. 7.0 -1.560 -0.696 -0.048 -0.077 -0.099
 17250. 7.0 -1.596 -0.706 -0.052 -0.078 -0.101
 17500. 7.0 -1.632 -0.717 -0.057 -0.079 -0.103
 17750. 7.0 -1.668 -0.727 -0.061 -0.081 -0.105
 18000. 7.0 -1.704 -0.737 -0.065 -0.082 -0.107
 18250. 7.0 -1.740 -0.748 -0.070 -0.083 -0.109
 18500. 7.0 -1.776 -0.758 -0.074 -0.084 -0.111
 18750. 7.0 -1.813 -0.768 -0.078 -0.086 -0.112
 19000. 7.0 -1.849 -0.779 -0.083 -0.087 -0.114
 19250. 7.0 -1.885 -0.789 -0.087 -0.088 -0.116
 19500. 7.0 -1.921 -0.799 -0.091 -0.090 -0.118
 19750. 7.0 -1.957 -0.810 -0.096 -0.091 -0.120
 20000. 7.0 -1.993 -0.820 -0.100 -0.092 -0.122
 25000. 7.0 -2.572 -0.966 -0.166 -0.111 -0.151
 30000. 7.0 -2.989 -1.078 -0.220 -0.125 -0.173
 35000. 7.0 -3.352 -1.150 -0.255 -0.130 -0.184
 40000. 7.0 -3.743 -1.183 -0.274 -0.134 -0.190
 45000. 7.0 -4.118 -1.203 -0.286 -0.136 -0.194
 50000. 7.0 -4.467 -1.217 -0.295 -0.138 -0.196
 55000. 7.0 -4.789 -1.228 -0.302 -0.139 -0.198
 60000. 7.0 -5.086 -1.236 -0.308 -0.140 -0.200
 65000. 7.0 -5.361 -1.243 -0.313 -0.142 -0.202
 70000. 7.0 -5.616 -1.249 -0.317 -0.143 -0.204
 75000. 7.0 -5.854 -1.254 -0.321 -0.144 -0.205
 80000. 7.0 -6.077 -1.259 -0.324 -0.144 -0.206
 85000. 7.0 -6.286 -1.263 -0.327 -0.145 -0.207
 90000. 7.0 -6.482 -1.266 -0.330 -0.146 -0.208
 95000. 7.0 -6.668 -1.270 -0.332 -0.147 -0.210
100000. 7.0 -6.844 -1.273 -0.334 -0.148 -0.211
  1500. 7.5  0.989  1.409  1.811  0.418 -2.319
  1750. 7.5  0.796  1.219  1.701  0.540 -1.458
  2000. 7.5  0.578  1.029  1.571  0.640 -0.735
  2250. 7.5  0.350  0.871  1.479  0.724 -0.175
  2500. 7.5  0.166  0.757  1.399  0.762  0.210
  2750. 7.5 -0.002  0.653  1.330  0.781  0.476
  3000. 7.5 -0.149  0.563  1.268  0.780  0.634
  3250. 7.5 -0.268  0.476  1.208  0.763  0.700
  3500. 7.5 -0.361  0.396  1.149  0.735  0.712
  3750. 7.5 -0.425  0.322  1.091  0.702  0.696
  4000. 7.5 -0.454  0.247  1.031  0.666  0.666
  4250. 7.5 -0.446  0.171  0.968  0.626  0.628
  4500. 7.5 -0.401  0.090  0.899  0.582  0.585
  4750. 7.5 -0.340  0.008  0.829  0.538  0.541
  5000. 7.5 -0.276 -0.072  0.760  0.494  0.498
  5250. 7.5 -0.221 -0.146  0.696  0.454  0.458
  5500. 7.5 -0.180 -0.214  0.637  0.417  0.422
  5750. 7.5 -0.161 -0.277  0.584  0.384  0.391
  6000. 7.5 -0.141 -0.340  0.530  0.352  0.359
  6250. 7.5 -0.141 -0.390  0.485  0.324  0.332
  6500. 7.5 -0.140 -0.440  0.440  0.296  0.305
  6750. 7.5 -0.148 -0.472  0.406  0.273  0.282
  7000. 7.5 -0.155 -0.505  0.372  0.251  0.260
  7250. 7.5 -0.167 -0.523  0.346  0.232  0.239
  7500. 7.5 -0.178 -0.542  0.320  0.213  0.219
  7750. 7.5 -0.190 -0.549  0.301  0.196  0.200
  8000. 7.5 -0.202 -0.556  0.282  0.178  0.182
  8250. 7.5 -0.214 -0.555  0.268  0.161  0.164
  8500. 7.5 -0.226 -0.554  0.254  0.144  0.147
  8750. 7.5 -0.237 -0.547  0.244  0.128  0.131
  9000. 7.5 -0.248 -0.540  0.234  0.112  0.114
  9250. 7.5 -0.262 -0.530  0.227  0.096  0.098
  9500. 7.5 -0.275 -0.520  0.220  0.080  0.083
  9750. 7.5 -0.293 -0.510  0.214  0.065  0.068
 10000. 7.5 -0.311 -0.500  0.208  0.050  0.053
 10250. 7.5 -0.339 -0.495  0.202  0.038  0.039
 10500. 7.5 -0.367 -0.490  0.196  0.025  0.026
 10750. 7.5 -0.404 -0.488  0.189  0.014  0.015
 11000. 7.5 -0.441 -0.487  0.182  0.002  0.004
 11250. 7.5 -0.489 -0.488  0.176 -0.007 -0.005
 11500. 7.5 -0.537 -0.488  0.169 -0.016 -0.014
 11750. 7.5 -0.592 -0.491  0.162 -0.023 -0.021
 12000. 7.5 -0.648 -0.494  0.154 -0.029 -0.027
 12250. 7.5 -0.698 -0.500  0.146 -0.035 -0.033
 12500. 7.5 -0.748 -0.506  0.137 -0.042 -0.039
 12750. 7.5 -0.796 -0.516  0.127 -0.046 -0.045
 13000. 7.5 -0.844 -0.526  0.117 -0.050 -0.050
 13250. 7.5 -0.891 -0.538  0.106 -0.053 -0.054
 13500. 7.5 -0.939 -0.550  0.096 -0.056 -0.058
 13750. 7.5 -0.986 -0.562  0.086 -0.058 -0.061
 14000. 7.5 -1.033 -0.575  0.076 -0.060 -0.065
 14250. 7.5 -1.079 -0.587  0.067 -0.062 -0.068
 14500. 7.5 -1.125 -0.600  0.058 -0.064 -0.072
 14750. 7.5 -1.170 -0.613  0.049 -0.066 -0.075
 15000. 7.5 -1.215 -0.626  0.041 -0.068 -0.078
 15250. 7.5 -1.259 -0.638  0.033 -0.069 -0.080
 15500. 7.5 -1.302 -0.651  0.025 -0.071 -0.083
 15750. 7.5 -1.345 -0.664  0.018 -0.073 -0.086
 16000. 7.5 -1.387 -0.676  0.011 -0.074 -0.088
 16250. 7.5 -1.428 -0.688  0.004 -0.075 -0.090
 16500. 7.5 -1.470 -0.699 -0.002 -0.077 -0.093
 16750. 7.5 -1.510 -0.711 -0.008 -0.079 -0.095
 17000. 7.5 -1.551 -0.722 -0.014 -0.080 -0.097
 17250. 7.5 -1.587 -0.732 -0.019 -0.081 -0.099
 17500. 7.5 -1.623 -0.742 -0.024 -0.082 -0.101
 17750. 7.5 -1.658 -0.752 -0.029 -0.083 -0.103
 18000. 7.5 -1.694 -0.762 -0.034 -0.085 -0.105
 18250. 7.5 -1.730 -0.772 -0.039 -0.086 -0.107
 18500. 7.5 -1.766 -0.783 -0.043 -0.087 -0.109
 18750. 7.5 -1.802 -0.793 -0.048 -0.088 -0.111
 19000. 7.5 -1.838 -0.803 -0.053 -0.089 -0.113
 19250. 7.5 -1.873 -0.813 -0.058 -0.090 -0.115
 19500. 7.5 -1.909 -0.823 -0.063 -0.092 -0.117
 19750. 7.5 -1.945 -0.833 -0.068 -0.093 -0.119
 20000. 7.5 -1.981 -0.843 -0.073 -0.094 -0.121
 25000. 7.5 -2.560 -0.984 -0.146 -0.113 -0.150
 30000. 7.5 -2.979 -1.092 -0.205 -0.127 -0.173
 35000. 7.5 -3.348 -1.159 -0.245 -0.132 -0.183
 40000. 7.5 -3.743 -1.190 -0.266 -0.135 -0.189
 45000. 7.5 -4.120 -1.209 -0.280 -0.137 -0.193
 50000. 7.5 -4.471 -1.222 -0.289 -0.138 -0.196
 55000. 7.5 -4.794 -1.232 -0.297 -0.140 -0.198
 60000. 7.5 -5.093 -1.240 -0.303 -0.141 -0.200
 65000. 7.5 -5.370 -1.246 -0.308 -0.142 -0.202
 70000. 7.5 -5.627 -1.252 -0.313 -0.143 -0.203
 75000. 7.5 -5.866 -1.256 -0.317 -0.144 -0.205
 80000. 7.5 -6.090 -1.261 -0.320 -0.145 -0.206
 85000. 7.5 -6.300 -1.264 -0.324 -0.146 -0.207
 90000. 7.5 -6.498 -1.268 -0.327 -0.146 -0.208
 95000. 7.5 -6.685 -1.271 -0.329 -0.147 -0.209
100000. 7.5 -6.862 -1.274 -0.332 -0.148 -0.210
  1500. 8.0  1.069  1.316  1.750  0.298 -2.539
  1750. 8.0  0.863  1.087  1.599  0.457 -1.664
  2000. 8.0  0.654  0.923  1.519  0.579 -0.955
  2250. 8.0  0.455  0.810  1.447  0.661 -0.371
  2500. 8.0  0.261  0.691  1.366  0.716  0.067
  2750. 8.0  0.085  0.594  1.296  0.744  0.375
  3000. 8.0 -0.069  0.510  1.238  0.755  0.567
  3250. 8.0 -0.191  0.432  1.179  0.742  0.660
  3500. 8.0 -0.285  0.360  1.122  0.718  0.686
  3750. 8.0 -0.355  0.291  1.068  0.688  0.678
  4000. 8.0 -0.396  0.224  1.013  0.654  0.653
  4250. 8.0 -0.401  0.153  0.954  0.617  0.619
  4500. 8.0 -0.375  0.079  0.891  0.577  0.580
  4750. 8.0 -0.326  0.002  0.825  0.535  0.538
  5000. 8.0 -0.271 -0.074  0.758  0.494  0.497
  5250. 8.0 -0.220 -0.147  0.695  0.454  0.457
  5500. 8.0 -0.177 -0.215  0.637  0.417  0.421
  5750. 8.0 -0.155 -0.275  0.586  0.385  0.390
  6000. 8.0 -0.134 -0.335  0.534  0.353  0.359
  6250. 8.0 -0.134 -0.387  0.489  0.326  0.333
  6500. 8.0 -0.133 -0.438  0.445  0.298  0.307
  6750. 8.0 -0.144 -0.476  0.410  0.275  0.285
  7000. 8.0 -0.154 -0.514  0.375  0.252  0.262
  7250. 8.0 -0.168 -0.538  0.349  0.233  0.243
  7500. 8.0 -0.182 -0.562  0.322  0.214  0.223
  7750. 8.0 -0.197 -0.576  0.303  0.197  0.205
  8000. 8.0 -0.212 -0.590  0.283  0.180  0.187
  8250. 8.0 -0.226 -0.595  0.270  0.164  0.171
  8500. 8.0 -0.240 -0.601  0.256  0.149  0.154
  8750. 8.0 -0.254 -0.601  0.247  0.134  0.139
  9000. 8.0 -0.268 -0.601  0.237  0.119  0.123
  9250. 8.0 -0.282 -0.597  0.231  0.104  0.108
  9500. 8.0 -0.297 -0.594  0.225  0.089  0.093
  9750. 8.0 -0.314 -0.589  0.220  0.075  0.079
 10000. 8.0 -0.331 -0.584  0.216  0.061  0.065
 10250. 8.0 -0.354 -0.581  0.212  0.048  0.052
 10500. 8.0 -0.378 -0.578  0.207  0.035  0.039
 10750. 8.0 -0.410 -0.578  0.202  0.024  0.028
 11000. 8.0 -0.443 -0.578  0.197  0.013  0.017
 11250. 8.0 -0.482 -0.581  0.192  0.003  0.008
 11500. 8.0 -0.521 -0.583  0.187 -0.006 -0.002
 11750. 8.0 -0.567 -0.586  0.182 -0.014 -0.010
 12000. 8.0 -0.614 -0.589  0.177 -0.022 -0.018
 12250. 8.0 -0.668 -0.593  0.171 -0.029 -0.024
 12500. 8.0 -0.721 -0.597  0.166 -0.035 -0.031
 12750. 8.0 -0.775 -0.601  0.160 -0.040 -0.036
 13000. 8.0 -0.828 -0.605  0.153 -0.045 -0.041
 13250. 8.0 -0.877 -0.612  0.145 -0.050 -0.046
 13500. 8.0 -0.925 -0.619  0.137 -0.054 -0.051
 13750. 8.0 -0.972 -0.627  0.128 -0.058 -0.056
 14000. 8.0 -1.018 -0.636  0.119 -0.061 -0.060
 14250. 8.0 -1.063 -0.646  0.110 -0.064 -0.064
 14500. 8.0 -1.108 -0.656  0.101 -0.066 -0.068
 14750. 8.0 -1.153 -0.666  0.092 -0.068 -0.071
 15000. 8.0 -1.198 -0.677  0.083 -0.070 -0.074
 15250. 8.0 -1.241 -0.688  0.074 -0.072 -0.077
 15500. 8.0 -1.285 -0.698  0.066 -0.074 -0.080
 15750. 8.0 -1.327 -0.709  0.058 -0.075 -0.083
 16000. 8.0 -1.370 -0.720  0.050 -0.077 -0.086
 16250. 8.0 -1.410 -0.731  0.042 -0.079 -0.089
 16500. 8.0 -1.449 -0.742  0.034 -0.080 -0.091
 16750. 8.0 -1.489 -0.752  0.027 -0.081 -0.094
 17000. 8.0 -1.529 -0.763  0.020 -0.083 -0.096
 17250. 8.0 -1.566 -0.772  0.015 -0.084 -0.098
 17500. 8.0 -1.602 -0.781  0.009 -0.085 -0.100
 17750. 8.0 -1.638 -0.791  0.004 -0.086 -0.102
 18000. 8.0 -1.675 -0.800 -0.001 -0.088 -0.104
 18250. 8.0 -1.712 -0.809 -0.007 -0.089 -0.106
 18500. 8.0 -1.748 -0.818 -0.012 -0.090 -0.108
 18750. 8.0 -1.785 -0.827 -0.017 -0.091 -0.109
 19000. 8.0 -1.821 -0.836 -0.023 -0.092 -0.111
 19250. 8.0 -1.858 -0.845 -0.028 -0.094 -0.113
 19500. 8.0 -1.894 -0.855 -0.033 -0.095 -0.115
 19750. 8.0 -1.931 -0.864 -0.039 -0.096 -0.117
 20000. 8.0 -1.967 -0.873 -0.044 -0.097 -0.119
 25000. 8.0 -2.546 -1.008 -0.125 -0.116 -0.149
 30000. 8.0 -2.966 -1.109 -0.191 -0.129 -0.172
 35000. 8.0 -3.343 -1.169 -0.235 -0.133 -0.182
 40000. 8.0 -3.742 -1.198 -0.258 -0.136 -0.188
 45000. 8.0 -4.121 -1.215 -0.273 -0.138 -0.192
 50000. 8.0 -4.473 -1.227 -0.284 -0.139 -0.195
 55000. 8.0 -4.799 -1.236 -0.292 -0.141 -0.198
 60000. 8.0 -5.099 -1.243 -0.299 -0.142 -0.199
 65000. 8.0 -5.376 -1.249 -0.304 -0.143 -0.201
 70000. 8.0 -5.634 -1.254 -0.309 -0.144 -0.203
 75000. 8.0 -5.875 -1.259 -0.313 -0.145 -0.204
 80000. 8.0 -6.101 -1.263 -0.317 -0.145 -0.205
 85000. 8.0 -6.312 -1.266 -0.321 -0.146 -0.207
 90000. 8.0 -6.511 -1.269 -0.324 -0.147 -0.208
 95000. 8.0 -6.699 -1.272 -0.326 -0.147 -0.209
100000. 8.0 -6.878 -1.275 -0.329 -0.148 -0.210
  1500. 8.5  1.151  1.210  1.636  0.179 -2.982
  1750. 8.5  0.931  0.995  1.566  0.380 -1.958
  2000. 8.5  0.737  0.854  1.460  0.500 -1.158
  2250. 8.5  0.513  0.714  1.374  0.610 -0.502
  2500. 8.5  0.328  0.618  1.312  0.673 -0.050
  2750. 8.5  0.158  0.534  1.256  0.711  0.279
  3000. 8.5  0.006  0.465  1.203  0.725  0.499
  3250. 8.5 -0.117  0.394  1.150  0.719  0.613
  3500. 8.5 -0.214  0.327  1.098  0.700  0.656
  3750. 8.5 -0.286  0.262  1.046  0.672  0.657
  4000. 8.5 -0.334  0.199  0.993  0.641  0.638
  4250. 8.5 -0.351  0.134  0.938  0.607  0.608
  4500. 8.5 -0.343  0.066  0.880  0.570  0.573
  4750. 8.5 -0.310 -0.004  0.819  0.532  0.534
  5000. 8.5 -0.262 -0.078  0.755  0.492  0.494
  5250. 8.5 -0.216 -0.149  0.694  0.454  0.456
  5500. 8.5 -0.179 -0.215  0.637  0.418  0.421
  5750. 8.5 -0.154 -0.274  0.586  0.386  0.390
  6000. 8.5 -0.129 -0.333  0.535  0.354  0.359
  6250. 8.5 -0.126 -0.383  0.492  0.326  0.333
  6500. 8.5 -0.124 -0.434  0.449  0.299  0.308
  6750. 8.5 -0.137 -0.476  0.413  0.276  0.286
  7000. 8.5 -0.149 -0.518  0.377  0.253  0.264
  7250. 8.5 -0.166 -0.548  0.350  0.234  0.245
  7500. 8.5 -0.183 -0.577  0.323  0.215  0.226
  7750. 8.5 -0.201 -0.596  0.303  0.198  0.208
  8000. 8.5 -0.219 -0.615  0.283  0.181  0.191
  8250. 8.5 -0.236 -0.627  0.269  0.166  0.176
  8500. 8.5 -0.254 -0.638  0.255  0.151  0.160
  8750. 8.5 -0.271 -0.644  0.245  0.137  0.145
  9000. 8.5 -0.287 -0.650  0.236  0.123  0.130
  9250. 8.5 -0.303 -0.652  0.230  0.110  0.116
  9500. 8.5 -0.319 -0.654  0.224  0.096  0.102
  9750. 8.5 -0.336 -0.654  0.220  0.083  0.089
 10000. 8.5 -0.353 -0.654  0.216  0.070  0.076
 10250. 8.5 -0.374 -0.654  0.213  0.058  0.064
 10500. 8.5 -0.396 -0.654  0.210  0.045  0.051
 10750. 8.5 -0.424 -0.655  0.207  0.034  0.041
 11000. 8.5 -0.452 -0.657  0.204  0.023  0.030
 11250. 8.5 -0.487 -0.661  0.200  0.014  0.020
 11500. 8.5 -0.521 -0.665  0.197  0.004  0.010
 11750. 8.5 -0.561 -0.671  0.192 -0.005  0.002
 12000. 8.5 -0.601 -0.676  0.187 -0.013 -0.006
 12250. 8.5 -0.645 -0.683  0.183 -0.021 -0.013
 12500. 8.5 -0.688 -0.689  0.178 -0.028 -0.021
 12750. 8.5 -0.739 -0.694  0.174 -0.034 -0.027
 13000. 8.5 -0.790 -0.698  0.169 -0.039 -0.032
 13250. 8.5 -0.845 -0.701  0.164 -0.043 -0.036
 13500. 8.5 -0.899 -0.705  0.160 -0.048 -0.041
 13750. 8.5 -0.949 -0.710  0.154 -0.052 -0.046
 14000. 8.5 -1.000 -0.715  0.148 -0.056 -0.050
 14250. 8.5 -1.046 -0.721  0.141 -0.060 -0.054
 14500. 8.5 -1.093 -0.727  0.135 -0.064 -0.059
 14750. 8.5 -1.138 -0.734  0.127 -0.067 -0.064
 15000. 8.5 -1.182 -0.741  0.119 -0.070 -0.068
 15250. 8.5 -1.225 -0.749  0.111 -0.073 -0.072
 15500. 8.5 -1.268 -0.757  0.103 -0.075 -0.075
 15750. 8.5 -1.311 -0.766  0.095 -0.077 -0.078
 16000. 8.5 -1.353 -0.774  0.087 -0.079 -0.081
 16250. 8.5 -1.394 -0.783  0.079 -0.081 -0.084
 16500. 8.5 -1.435 -0.791  0.072 -0.082 -0.087
 16750. 8.5 -1.475 -0.800  0.064 -0.083 -0.089
 17000. 8.5 -1.516 -0.809  0.057 -0.085 -0.092
 17250. 8.5 -1.552 -0.817  0.051 -0.086 -0.094
 17500. 8.5 -1.589 -0.826  0.045 -0.087 -0.096
 17750. 8.5 -1.625 -0.834  0.039 -0.089 -0.098
 18000. 8.5 -1.661 -0.842  0.033 -0.090 -0.100
 18250. 8.5 -1.698 -0.851  0.027 -0.091 -0.102
 18500. 8.5 -1.734 -0.859  0.021 -0.093 -0.104
 18750. 8.5 -1.770 -0.867  0.014 -0.094 -0.107
 19000. 8.5 -1.807 -0.876  0.008 -0.095 -0.109
 19250. 8.5 -1.843 -0.884  0.002 -0.096 -0.111
 19500. 8.5 -1.879 -0.892 -0.004 -0.098 -0.113
 19750. 8.5 -1.916 -0.901 -0.010 -0.099 -0.115
 20000. 8.5 -1.952 -0.909 -0.016 -0.100 -0.117
 25000. 8.5 -2.532 -1.034 -0.105 -0.119 -0.148
 30000. 8.5 -2.953 -1.128 -0.178 -0.130 -0.170
 35000. 8.5 -3.337 -1.181 -0.226 -0.134 -0.181
 40000. 8.5 -3.740 -1.206 -0.251 -0.137 -0.187
 45000. 8.5 -4.121 -1.221 -0.267 -0.139 -0.191
 50000. 8.5 -4.475 -1.232 -0.278 -0.140 -0.194
 55000. 8.5 -4.802 -1.241 -0.287 -0.141 -0.197
 60000. 8.5 -5.103 -1.247 -0.295 -0.142 -0.199
 65000. 8.5 -5.382 -1.253 -0.301 -0.143 -0.201
 70000. 8.5 -5.641 -1.258 -0.306 -0.144 -0.202
 75000. 8.5 -5.882 -1.262 -0.310 -0.145 -0.204
 80000. 8.5 -6.109 -1.265 -0.314 -0.146 -0.205
 85000. 8.5 -6.321 -1.269 -0.318 -0.147 -0.206
 90000. 8.5 -6.522 -1.272 -0.321 -0.147 -0.207
 95000. 8.5 -6.711 -1.274 -0.324 -0.148 -0.208
100000. 8.5 -6.890 -1.277 -0.327 -0.148 -0.209
  1500. 9.0  1.180  1.066  1.579  0.119 -3.003
  1750. 9.0  0.993  0.941  1.497  0.279 -2.182
  2000. 9.0  0.784  0.761  1.419  0.457 -1.343
  2250. 9.0  0.591  0.672  1.367  0.564 -0.688
  2500. 9.0  0.406  0.578  1.293  0.629 -0.197
  2750. 9.0  0.232  0.496  1.228  0.673  0.170
  3000. 9.0  0.077  0.426  1.179  0.698  0.417
  3250. 9.0 -0.048  0.359  1.125  0.697  0.560
  3500. 9.0 -0.146  0.296  1.074  0.681  0.622
  3750. 9.0 -0.220  0.235  1.023  0.657  0.634
  4000. 9.0 -0.272  0.175  0.973  0.628  0.621
  4250. 9.0 -0.301  0.114  0.922  0.596  0.596
  4500. 9.0 -0.304  0.050  0.867  0.562  0.564
  4750. 9.0 -0.284 -0.016  0.810  0.526  0.528
  5000. 9.0 -0.250 -0.084  0.751  0.489  0.491
  5250. 9.0 -0.211 -0.152  0.691  0.453  0.454
  5500. 9.0 -0.176 -0.216  0.636  0.418  0.420
  5750. 9.0 -0.150 -0.275  0.584  0.386  0.389
  6000. 9.0 -0.125 -0.333  0.533  0.354  0.358
  6250. 9.0 -0.120 -0.382  0.491  0.327  0.333
  6500. 9.0 -0.116 -0.432  0.450  0.300  0.308
  6750. 9.0 -0.127 -0.475  0.414  0.277  0.286
  7000. 9.0 -0.139 -0.517  0.379  0.254  0.265
  7250. 9.0 -0.159 -0.551  0.350  0.235  0.246
  7500. 9.0 -0.179 -0.585  0.322  0.215  0.228
  7750. 9.0 -0.201 -0.609  0.301  0.198  0.211
  8000. 9.0 -0.223 -0.633  0.281  0.181  0.195
  8250. 9.0 -0.244 -0.650  0.266  0.167  0.180
  8500. 9.0 -0.265 -0.666  0.251  0.152  0.165
  8750. 9.0 -0.284 -0.677  0.241  0.139  0.150
  9000. 9.0 -0.303 -0.688  0.231  0.125  0.136
  9250. 9.0 -0.322 -0.694  0.225  0.112  0.123
  9500. 9.0 -0.340 -0.701  0.218  0.100  0.110
  9750. 9.0 -0.358 -0.705  0.214  0.088  0.097
 10000. 9.0 -0.376 -0.709  0.211  0.076  0.085
 10250. 9.0 -0.396 -0.712  0.209  0.064  0.073
 10500. 9.0 -0.417 -0.716  0.207  0.052  0.062
 10750. 9.0 -0.442 -0.720  0.205  0.042  0.052
 11000. 9.0 -0.466 -0.723  0.203  0.031  0.041
 11250. 9.0 -0.497 -0.729  0.200  0.021  0.032
 11500. 9.0 -0.528 -0.734  0.198  0.012  0.022
 11750. 9.0 -0.564 -0.740  0.194  0.003  0.014
 12000. 9.0 -0.600 -0.746  0.191 -0.005  0.006
 12250. 9.0 -0.639 -0.754  0.186 -0.012 -0.001
 12500. 9.0 -0.678 -0.762  0.182 -0.020 -0.009
 12750. 9.0 -0.721 -0.769  0.177 -0.026 -0.015
 13000. 9.0 -0.764 -0.776  0.172 -0.032 -0.022
 13250. 9.0 -0.811 -0.782  0.168 -0.037 -0.027
 13500. 9.0 -0.857 -0.788  0.163 -0.042 -0.033
 13750. 9.0 -0.908 -0.793  0.160 -0.046 -0.038
 14000. 9.0 -0.960 -0.797  0.156 -0.051 -0.042
 14250. 9.0 -1.012 -0.801  0.152 -0.054 -0.045
 14500. 9.0 -1.063 -0.806  0.147 -0.058 -0.049
 14750. 9.0 -1.112 -0.810  0.142 -0.061 -0.053
 15000. 9.0 -1.160 -0.814  0.138 -0.065 -0.057
 15250. 9.0 -1.205 -0.819  0.132 -0.068 -0.061
 15500. 9.0 -1.250 -0.825  0.127 -0.072 -0.065
 15750. 9.0 -1.293 -0.831  0.121 -0.075 -0.069
 16000. 9.0 -1.336 -0.836  0.115 -0.078 -0.073
 16250. 9.0 -1.377 -0.842  0.108 -0.080 -0.076
 16500. 9.0 -1.418 -0.849  0.101 -0.083 -0.080
 16750. 9.0 -1.458 -0.855  0.094 -0.085 -0.083
 17000. 9.0 -1.498 -0.862  0.087 -0.087 -0.086
 17250. 9.0 -1.535 -0.869  0.081 -0.088 -0.088
 17500. 9.0 -1.571 -0.876  0.074 -0.090 -0.091
 17750. 9.0 -1.608 -0.883  0.068 -0.091 -0.093
 18000. 9.0 -1.644 -0.891  0.062 -0.092 -0.095
 18250. 9.0 -1.681 -0.898  0.055 -0.094 -0.097
 18500. 9.0 -1.717 -0.905  0.049 -0.095 -0.100
 18750. 9.0 -1.753 -0.912  0.043 -0.096 -0.102
 19000. 9.0 -1.790 -0.919  0.036 -0.098 -0.104
 19250. 9.0 -1.826 -0.927  0.030 -0.099 -0.106
 19500. 9.0 -1.863 -0.934  0.024 -0.100 -0.108
 19750. 9.0 -1.900 -0.941  0.017 -0.102 -0.111
 20000. 9.0 -1.936 -0.948  0.011 -0.103 -0.113
 25000. 9.0 -2.516 -1.062 -0.086 -0.121 -0.145
 30000. 9.0 -2.941 -1.146 -0.166 -0.132 -0.168
 35000. 9.0 -3.333 -1.192 -0.218 -0.136 -0.179
 40000. 9.0 -3.737 -1.214 -0.245 -0.138 -0.186
 45000. 9.0 -4.121 -1.228 -0.262 -0.140 -0.190
 50000. 9.0 -4.477 -1.238 -0.274 -0.141 -0.193
 55000. 9.0 -4.804 -1.245 -0.283 -0.142 -0.196
 60000. 9.0 -5.106 -1.252 -0.291 -0.143 -0.198
 65000. 9.0 -5.386 -1.257 -0.297 -0.144 -0.200
 70000. 9.0 -5.646 -1.261 -0.303 -0.145 -0.201
 75000. 9.0 -5.888 -1.265 -0.308 -0.146 -0.203
 80000. 9.0 -6.116 -1.268 -0.312 -0.146 -0.204
 85000. 9.0 -6.329 -1.271 -0.316 -0.147 -0.205
 90000. 9.0 -6.530 -1.274 -0.319 -0.148 -0.206
 95000. 9.0 -6.721 -1.276 -0.322 -0.148 -0.207
100000. 9.0 -6.901 -1.278 -0.325 -0.149 -0.208
 Teff  logg  BC(V)   U-B    B-V    V-R    R-I
