#     2.117516         4.000000      200
      0.000000         1.000000        0.3493284    
     0.7500000E-01    0.9260793        0.3890571    
     0.1500000         1.057849        0.4189789    
     0.2250000         1.058526        0.4579906    
     0.3000000         1.071804        0.4881331    
     0.3750000         1.062101        0.5295314    
     0.4500000         1.098404        0.5663534    
     0.5250000         1.058305        0.5973090    
     0.6000000         1.077898        0.6306060    
     0.6750000         1.085414        0.6710758    
     0.7500000         1.085549        0.6957586    
     0.8250000         1.078450        0.7204489    
     0.9000000         1.090633        0.7431915    
     0.9750000         1.073623        0.7576144    
      1.050000         1.081779        0.7736697    
      1.125000         1.082920        0.7931297    
      1.200000         1.074386        0.8004251    
      1.275000         1.068048        0.8069957    
      1.350000         1.072570        0.8190597    
      1.425000         1.068409        0.8256172    
      1.500000         1.062158        0.8272036    
      1.575000         1.049555        0.8257380    
      1.650000         1.051656        0.8309889    
      1.725000         1.043010        0.8328538    
      1.800000         1.037435        0.8317212    
      1.875000         1.027124        0.8304779    
      1.950000         1.026038        0.8328493    
      2.025000         1.020102        0.8335750    
      2.100000         1.010727        0.8288000    
      2.175000         1.005346        0.8285466    
      2.250000        0.9971657        0.8256453    
      2.325000        0.9908229        0.8242186    
      2.400000        0.9877986        0.8248776    
      2.475000        0.9816296        0.8251669    
      2.550000        0.9766275        0.8224882    
      2.625000        0.9663042        0.8183171    
      2.700000        0.9651994        0.8185988    
      2.775000        0.9558686        0.8158703    
      2.850000        0.9534396        0.8144778    
      2.925000        0.9461936        0.8121510    
      3.000000        0.9419948        0.8093287    
      3.075000        0.9402468        0.8124800    
      3.150000        0.9326749        0.8068841    
      3.225000        0.9245684        0.8040509    
      3.300000        0.9227542        0.8026496    
      3.375000        0.9168329        0.8017965    
      3.450000        0.9153428        0.8001966    
      3.525000        0.9102034        0.7980407    
      3.600000        0.9067215        0.7940205    
      3.675000        0.9018981        0.7932357    
      3.750000        0.8966846        0.7895653    
      3.825000        0.8924865        0.7900911    
      3.900000        0.8871055        0.7862358    
      3.975000        0.8831418        0.7850512    
      4.050000        0.8820114        0.7846634    
      4.125000        0.8754786        0.7809661    
      4.200000        0.8754175        0.7784995    
      4.275000        0.8700058        0.7759810    
      4.350000        0.8698078        0.7730641    
      4.425000        0.8646005        0.7716066    
      4.500000        0.8601506        0.7703995    
      4.575000        0.8571162        0.7698008    
      4.650000        0.8507711        0.7684872    
      4.725000        0.8488750        0.7647802    
      4.800000        0.8429846        0.7645406    
      4.875000        0.8418893        0.7612651    
      4.950000        0.8376181        0.7604049    
      5.025000        0.8378101        0.7589719    
      5.100000        0.8348485        0.7558478    
      5.175000        0.8317589        0.7523065    
      5.250000        0.8313174        0.7501412    
      5.325000        0.8248410        0.7492392    
      5.400000        0.8235202        0.7488603    
      5.475000        0.8183553        0.7490417    
      5.550000        0.8146368        0.7465495    
      5.625000        0.8100518        0.7452157    
      5.700000        0.8072793        0.7439677    
      5.775000        0.8049988        0.7426629    
      5.850000        0.8025281        0.7426807    
      5.925000        0.8001780        0.7403317    
      6.000000        0.7982441        0.7389426    
      6.075000        0.7959241        0.7362336    
      6.150000        0.7952338        0.7340971    
      6.225000        0.7937219        0.7336879    
      6.300000        0.7935798        0.7313807    
      6.375000        0.7883421        0.7310111    
      6.450000        0.7861581        0.7309478    
      6.525000        0.7803268        0.7289855    
      6.600000        0.7782999        0.7298075    
      6.675000        0.7750781        0.7285752    
      6.750000        0.7725247        0.7283620    
      6.825000        0.7702639        0.7277551    
      6.900000        0.7676596        0.7258666    
      6.975000        0.7656265        0.7256202    
      7.050000        0.7654883        0.7245712    
      7.125000        0.7626175        0.7231895    
      7.200000        0.7637745        0.7227669    
      7.275000        0.7617176        0.7200467    
      7.350000        0.7622752        0.7184699    
      7.425000        0.7623849        0.7169061    
      7.500000        0.7629804        0.7147453    
      7.575000        0.7623181        0.7146516    
      7.650000        0.7592604        0.7142095    
      7.725000        0.7542921        0.7139325    
      7.800000        0.7523351        0.7141562    
      7.875000        0.7477006        0.7138649    
      7.950000        0.7465367        0.7151812    
      8.025001        0.7432302        0.7137060    
      8.100000        0.7409776        0.7132534    
      8.175000        0.7383907        0.7121962    
      8.250000        0.7364896        0.7120181    
      8.325001        0.7343444        0.7117022    
      8.400001        0.7336497        0.7099571    
      8.475000        0.7308839        0.7087160    
      8.550000        0.7306380        0.7071456    
      8.625000        0.7279606        0.7064080    
      8.700001        0.7279574        0.7046115    
      8.775001        0.7257785        0.7028416    
      8.850000        0.7261081        0.6999745    
      8.925000        0.7243668        0.6991036    
      9.000000        0.7245404        0.6961456    
      9.075001        0.7213348        0.6956095    
      9.150001        0.7156398        0.6948528    
      9.225000        0.7094485        0.6978992    
      9.300000        0.7046127        0.6989863    
      9.375000        0.6995366        0.7038150    
      9.450001        0.6958746        0.7070700    
      9.525001        0.6926193        0.7131903    
      9.600000        0.6915281        0.7187237    
      9.675000        0.6886841        0.7253729    
      9.750000        0.6891290        0.7327644    
      9.825001        0.6877217        0.7399261    
      9.900001        0.6899249        0.7484941    
      9.975000        0.6910285        0.7560502    
      10.05000        0.6942757        0.7646772    
      10.12500        0.6971878        0.7723646    
      10.20000        0.7025907        0.7798156    
      10.27500        0.7078869        0.7872019    
      10.35000        0.7160754        0.7937526    
      10.42500        0.7234705        0.7996030    
      10.50000        0.7337734        0.8044327    
      10.57500        0.7439426        0.8074309    
      10.65000        0.7579026        0.8096726    
      10.72500        0.7709320        0.8098926    
      10.80000        0.7871715        0.8085976    
      10.87500        0.8015490        0.8050117    
      10.95000        0.8142310        0.8010734    
      11.02500        0.8257885        0.7954317    
      11.10000        0.8386701        0.7866787    
      11.17500        0.8492836        0.7760010    
      11.25000        0.8604146        0.7615817    
      11.32500        0.8690737        0.7453945    
      11.40000        0.8781958        0.7254720    
      11.47500        0.8809933        0.7033828    
      11.55000        0.8828995        0.6783043    
      11.62500        0.8767820        0.6508050    
      11.70000        0.8690872        0.6219197    
      11.77500        0.8520504        0.5899652    
      11.85000        0.8301197        0.5572068    
      11.92500        0.7988651        0.5225959    
      12.00000        0.7613414        0.4880992    
      12.07500        0.7161679        0.4525300    
      12.15000        0.6645113        0.4174193    
      12.22500        0.6061652        0.3824114    
      12.30000        0.5443828        0.3483365    
      12.37500        0.4787240        0.3156958    
      12.45000        0.4140954        0.2845393    
      12.52500        0.3487746        0.2547645    
      12.60000        0.2881792        0.2271794    
      12.67500        0.2312803        0.2013647    
      12.75000        0.1813353        0.1776324    
      12.82500        0.1379623        0.1564240    
      12.90000        0.1019403        0.1365297    
      12.97500        0.7290154E-01    0.1195180    
      13.05000        0.5051067E-01    0.1035312    
      13.12500        0.3338565E-01    0.9057588E-01
      13.20000        0.2139641E-01    0.7859499E-01
      13.27500        0.1315447E-01    0.6827582E-01
      13.35000        0.7796127E-02    0.5912831E-01
      13.42500        0.4437215E-02    0.5143001E-01
      13.50000        0.2427232E-02    0.4443706E-01
      13.57500        0.1270631E-02    0.3856319E-01
      13.65000        0.6402339E-03    0.3332983E-01
      13.72500        0.3072558E-03    0.2896631E-01
      13.80000        0.1412708E-03    0.2514234E-01
      13.87500        0.6209554E-04    0.2186802E-01
      13.95000        0.2605234E-04    0.1904559E-01
      14.02500        0.1041720E-04    0.1663881E-01
      14.10000        0.3991866E-05    0.1449401E-01
      14.17500        0.1448331E-05    0.1270685E-01
      14.25000        0.5028946E-06    0.1117765E-01
      14.32500        0.1659661E-06    0.9797874E-02
      14.40000        0.5216802E-07    0.8639119E-02
      14.47500        0.1557855E-07    0.7640981E-02
      14.55000        0.4446193E-08    0.6744875E-02
      14.62500        0.1198901E-08    0.5981375E-02
      14.70000        0.3089992E-09    0.5310314E-02
      14.77500        0.7533228E-10    0.4718360E-02
      14.85000        0.1751352E-10    0.4215180E-02
      14.92500        0.3860894E-11    0.3753232E-02
      15.00000        0.8096505E-12    0.3351412E-02
